Opt val 867900
overall runtime 1353.9810556
root LS time: 21.472642299999972
root Cplex time 806.9294482000001
root UB 867900
root LB 866240
IterNum 504
root ColumnNum 286
root Time 831.3016745
Node Num total 6
==========================1===========================
vessel1's yard assignment
2 6 10
2 6 11
2 6 12
2 6 13
2 6 14
4 0 6
4 0 7
4 0 8
vessel1's berth allocation
0 6
0 7
0 8
0 9
0 10
0 11
0 12
0 13
0 14
0 15
==========================2===========================
vessel2's yard assignment
1 3 12
1 3 13
1 3 14
1 3 15
1 3 16
1 3 17
2 2 19
2 2 20
2 2 21
vessel2's berth allocation
1 12
1 13
1 14
1 15
1 16
1 17
1 18
1 19
1 20
1 21
1 22
==========================3===========================
vessel3's yard assignment
0 5 17
0 5 18
0 5 19
0 5 25
0 5 26
5 6 21
5 6 28
5 6 29
5 6 30
5 6 31
5 6 32
5 6 33
5 6 34
8 1 36
8 1 37
8 1 38
8 1 39
vessel3's berth allocation
0 17
0 18
0 19
0 20
0 21
0 22
0 23
0 24
0 25
0 26
0 27
0 28
0 29
0 30
0 31
0 32
0 33
0 34
0 35
0 36
0 37
0 38
0 39
0 40
==========================4===========================
vessel4's yard assignment
2 2 25
2 2 26
2 2 27
3 5 29
3 5 30
3 5 31
3 5 32
3 5 33
4 0 20
4 0 21
4 0 22
4 0 23
vessel4's berth allocation
2 20
2 21
2 22
2 23
2 24
2 25
2 26
2 27
2 28
2 29
2 30
2 31
2 32
2 33
2 34
==========================5===========================
vessel5's yard assignment
1 3 24
1 3 25
1 3 26
5 3 28
5 3 29
5 3 30
vessel5's berth allocation
1 24
1 25
1 26
1 27
1 28
1 29
1 30
1 31
==========================6===========================
vessel6's yard assignment
0 1 32
0 1 33
0 1 34
3 5 45
3 5 46
3 5 47
3 5 48
3 5 49
7 3 36
7 3 37
7 3 38
7 3 39
7 3 40
7 3 41
7 3 42
7 3 43
vessel6's berth allocation
1 32
1 33
1 34
1 35
1 36
1 37
1 38
1 39
1 40
1 41
1 42
1 43
1 44
1 45
1 46
1 47
1 48
1 49
1 50
==========================7===========================
vessel7's yard assignment
3 5 38
3 5 39
3 5 40
3 5 41
3 5 42
3 5 43
5 3 45
5 3 46
5 3 47
vessel7's berth allocation
2 38
2 39
2 40
2 41
2 42
2 43
2 44
2 45
2 46
2 47
2 48
==========================8===========================
vessel8's yard assignment
6 2 52
6 2 53
6 2 54
6 2 55
6 2 56
6 2 57
6 2 58
6 2 59
6 2 60
8 1 43
8 1 44
8 1 45
8 1 46
8 1 47
8 1 48
8 1 49
8 1 50
8 1 62
vessel8's berth allocation
0 43
0 44
0 45
0 46
0 47
0 48
0 49
0 50
0 51
0 52
0 53
0 54
0 55
0 56
0 57
0 58
0 59
0 60
0 61
0 62
0 63
==========================9===========================
vessel9's yard assignment
0 5 55
0 5 56
0 5 57
0 5 58
0 5 59
0 5 60
4 6 50
4 6 51
4 6 52
4 6 53
vessel9's berth allocation
2 50
2 51
2 52
2 53
2 54
2 55
2 56
2 57
2 58
2 59
2 60
2 61
==========================10===========================
vessel10's yard assignment
0 5 62
0 5 63
0 5 64
2 4 53
2 4 54
2 4 55
6 0 57
6 0 58
6 0 59
6 0 60
vessel10's berth allocation
1 53
1 54
1 55
1 56
1 57
1 58
1 59
1 60
1 61
1 62
1 63
1 64
1 65
==========================11===========================
vessel11's yard assignment
1 3 62
1 3 63
1 3 64
1 3 65
7 6 67
7 6 68
7 6 69
7 6 70
7 6 71
7 6 72
7 6 73
vessel11's berth allocation
2 62
2 63
2 64
2 65
2 66
2 67
2 68
2 69
2 70
2 71
2 72
2 73
2 74
==========================12===========================
vessel12's yard assignment
2 2 70
2 2 71
2 2 72
2 2 73
4 0 66
4 0 67
4 0 68
4 0 75
4 0 76
vessel12's berth allocation
0 66
0 67
0 68
0 69
0 70
0 71
0 72
0 73
0 74
0 75
0 76
0 77