Opt val 1333000
overall runtime 4750.2491648
root LS time: 2.1799999999999988E-05
root Cplex time 4336.496874899999
root UB 1337800
root LB 1333000
IterNum 690
root ColumnNum 355
root Time 4341.431071
Node Num total 1
==========================1===========================
vessel1's yard assignment
1 5 11
1 5 12
1 5 13
1 5 14
1 5 15
1 5 16
5 5 25
5 5 26
5 5 27
5 5 28
5 5 29
9 2 18
9 2 19
9 2 20
9 2 21
9 2 22
9 2 23
vessel1's berth allocation
1 11
1 12
1 13
1 14
1 15
1 16
1 17
1 18
1 19
1 20
1 21
1 22
1 23
1 24
1 25
1 26
1 27
1 28
1 29
1 30
==========================2===========================
vessel2's yard assignment
2 4 24
2 4 25
2 4 26
2 4 27
2 4 28
2 4 29
2 4 30
6 0 19
6 0 20
6 0 21
6 0 22
vessel2's berth allocation
0 19
0 20
0 21
0 22
0 23
0 24
0 25
0 26
0 27
0 28
0 29
0 30
0 31
==========================3===========================
vessel3's yard assignment
0 5 31
0 5 32
0 5 33
0 5 34
7 3 36
7 3 37
7 3 38
7 3 39
7 3 40
9 2 25
9 2 26
9 2 27
9 2 28
9 2 29
vessel3's berth allocation
2 25
2 26
2 27
2 28
2 29
2 30
2 31
2 32
2 33
2 34
2 35
2 36
2 37
2 38
2 39
2 40
2 41
==========================4===========================
vessel4's yard assignment
2 2 31
2 2 32
2 2 33
2 2 34
2 2 35
2 2 43
5 5 37
5 5 38
5 5 39
5 5 40
5 5 41
vessel4's berth allocation
1 31
1 32
1 33
1 34
1 35
1 36
1 37
1 38
1 39
1 40
1 41
1 42
1 43
1 44
==========================5===========================
vessel5's yard assignment
2 6 41
2 6 42
2 6 43
2 6 44
6 2 46
6 2 47
6 2 48
6 2 49
6 2 50
vessel5's berth allocation
0 41
0 42
0 43
0 44
0 45
0 46
0 47
0 48
0 49
0 50
0 51
==========================6===========================
vessel6's yard assignment
3 5 45
3 5 46
3 5 54
3 5 55
3 5 56
3 5 57
3 5 58
4 6 48
4 6 49
4 6 50
4 6 51
4 6 52
vessel6's berth allocation
2 45
2 46
2 47
2 48
2 49
2 50
2 51
2 52
2 53
2 54
2 55
2 56
2 57
2 58
2 59
==========================7===========================
vessel7's yard assignment
1 5 60
1 5 61
1 5 62
1 5 70
4 4 54
4 4 55
4 4 56
4 4 57
4 4 58
7 3 64
7 3 65
7 3 66
7 3 67
7 3 68
vessel7's berth allocation
1 54
1 55
1 56
1 57
1 58
1 59
1 60
1 61
1 62
1 63
1 64
1 65
1 66
1 67
1 68
1 69
1 70
1 71
==========================8===========================
vessel8's yard assignment
7 3 57
7 3 58
7 3 59
7 3 60
7 3 61
7 3 62
8 1 64
8 1 65
8 1 66
8 1 67
8 1 68
8 1 69
8 1 70
vessel8's berth allocation
0 56
0 57
0 58
0 59
0 60
0 61
0 62
0 63
0 64
0 65
0 66
0 67
0 68
0 69
0 70
0 71
==========================9===========================
vessel9's yard assignment
0 6 70
0 6 71
0 6 72
0 6 73
0 6 74
1 3 76
1 3 77
1 3 78
1 3 79
1 3 80
1 3 81
vessel9's berth allocation
2 70
2 71
2 72
2 73
2 74
2 75
2 76
2 77
2 78
2 79
2 80
2 81
2 82
==========================10===========================
vessel10's yard assignment
0 1 83
0 1 84
0 1 85
0 1 86
5 6 76
5 6 77
5 6 78
5 6 79
5 6 80
5 6 81
vessel10's berth allocation
1 76
1 77
1 78
1 79
1 80
1 81
1 82
1 83
1 84
1 85
1 86
1 87
==========================11===========================
vessel11's yard assignment
2 4 80
2 4 81
2 4 82
2 4 83
5 5 85
5 5 86
5 5 87
5 5 88
5 5 89
5 5 90
9 2 75
9 2 76
9 2 77
9 2 78
vessel11's berth allocation
0 75
0 76
0 77
0 78
0 79
0 80
0 81
0 82
0 83
0 84
0 85
0 86
0 87
0 88
0 89
0 90
0 91
==========================12===========================
vessel12's yard assignment
6 0 88
6 0 89
6 0 90
6 0 91
6 0 92
7 3 83
7 3 84
7 3 85
7 3 86
vessel12's berth allocation
2 83
2 84
2 85
2 86
2 87
2 88
2 89
2 90
2 91
2 92
2 93
==========================13===========================
vessel13's yard assignment
2 2 98
2 2 99
2 2 100
2 2 101
2 2 102
2 2 103
2 2 104
3 3 106
3 3 107
3 3 108
3 3 109
3 3 110
3 3 111
3 3 112
3 3 113
8 5 92
8 5 93
8 5 94
8 5 95
8 5 96
vessel13's berth allocation
0 92
0 93
0 94
0 95
0 96
0 97
0 98
0 99
0 100
0 101
0 102
0 103
0 104
0 105
0 106
0 107
0 108
0 109
0 110
0 111
0 112
0 113
0 114
==========================14===========================
vessel14's yard assignment
3 3 95
3 3 96
3 3 97
3 3 98
3 3 99
6 2 88
6 2 89
6 2 90
6 2 91
6 2 92
6 2 93
7 6 101
7 6 102
7 6 103
7 6 104
7 6 105
7 6 106
vessel14's berth allocation
1 88
1 89
1 90
1 91
1 92
1 93
1 94
1 95
1 96
1 97
1 98
1 99
1 100
1 101
1 102
1 103
1 104
1 105
1 106
1 107
==========================15===========================
vessel15's yard assignment
4 0 95
4 0 96
4 0 97
4 0 98
4 0 99
4 0 100
4 0 101
8 1 103
8 1 104
8 1 105
8 1 106
8 1 107
8 1 108
8 1 109
9 6 111
9 6 112
9 6 113
9 6 114
9 6 115
9 6 116
vessel15's berth allocation
2 95
2 96
2 97
2 98
2 99
2 100
2 101
2 102
2 103
2 104
2 105
2 106
2 107
2 108
2 109
2 110
2 111
2 112
2 113
2 114
2 115
2 116
2 117