Opt val 1007600
overall runtime 141.3523815
root LS time: 8.925240200000003
root Cplex time 131.93715250000002
root UB 1007600
root LB 1007600
IterNum 108
root ColumnNum 63
root Time 141.195375
Node Num total 1
==========================1===========================
vessel1's yard assignment
0 5 3
0 5 4
0 5 5
0 5 6
0 5 7
6 2 19
6 2 20
6 2 21
6 2 22
7 3 9
7 3 10
7 3 11
7 3 12
7 3 13
7 3 14
7 3 15
7 3 16
7 3 17
vessel1's berth allocation
1 3
1 4
1 5
1 6
1 7
1 8
1 9
1 10
1 11
1 12
1 13
1 14
1 15
1 16
1 17
1 18
1 19
1 20
1 21
1 22
1 23
==========================2===========================
vessel2's yard assignment
1 3 24
1 3 25
1 3 26
1 3 27
1 3 28
8 5 11
8 5 12
8 5 13
8 5 14
8 5 15
8 5 16
8 5 17
8 5 18
8 5 19
vessel2's berth allocation
0 11
0 12
0 13
0 14
0 15
0 16
0 17
0 18
0 19
0 20
0 21
0 22
0 23
0 24
0 25
0 26
0 27
0 28
0 29
==========================3===========================
vessel3's yard assignment
2 6 15
2 6 16
2 6 17
2 6 18
2 6 19
2 6 20
6 0 22
6 0 23
6 0 24
6 0 25
6 0 26
8 5 28
8 5 29
8 5 30
8 5 31
8 5 32
8 5 33
8 5 34
8 5 35
vessel3's berth allocation
2 15
2 16
2 17
2 18
2 19
2 20
2 21
2 22
2 23
2 24
2 25
2 26
2 27
2 28
2 29
2 30
2 31
2 32
2 33
2 34
2 35
2 36
==========================4===========================
vessel4's yard assignment
3 5 37
3 5 38
3 5 39
3 5 40
3 5 41
3 5 42
7 6 28
7 6 29
7 6 30
7 6 31
7 6 32
7 6 33
7 6 34
7 6 35
vessel4's berth allocation
1 28
1 29
1 30
1 31
1 32
1 33
1 34
1 35
1 36
1 37
1 38
1 39
1 40
1 41
1 42
1 43
==========================5===========================
vessel5's yard assignment
4 0 43
4 0 44
4 0 45
4 0 46
4 0 47
4 0 48
4 0 49
6 2 51
6 2 52
6 2 53
6 2 54
6 2 55
6 2 56
7 3 35
7 3 36
7 3 37
7 3 38
7 3 39
7 3 40
7 3 41
vessel5's berth allocation
0 35
0 36
0 37
0 38
0 39
0 40
0 41
0 42
0 43
0 44
0 45
0 46
0 47
0 48
0 49
0 50
0 51
0 52
0 53
0 54
0 55
0 56
0 57
==========================6===========================
vessel6's yard assignment
5 6 43
5 6 44
5 6 45
5 6 46
5 6 47
5 6 48
5 6 49
8 8 51
8 8 52
8 8 53
8 8 54
8 8 55
8 8 56
8 8 57
vessel6's berth allocation
2 43
2 44
2 45
2 46
2 47
2 48
2 49
2 50
2 51
2 52
2 53
2 54
2 55
2 56
2 57
2 58
==========================7===========================
vessel7's yard assignment
0 5 65
0 5 66
0 5 67
0 5 68
3 7 51
3 7 52
3 7 53
3 7 54
6 0 56
6 0 57
6 0 58
6 0 59
6 0 60
6 0 61
6 0 62
6 0 63
vessel7's berth allocation
1 51
1 52
1 53
1 54
1 55
1 56
1 57
1 58
1 59
1 60
1 61
1 62
1 63
1 64
1 65
1 66
1 67
1 68
1 69
==========================8===========================
vessel8's yard assignment
1 5 59
1 5 60
1 5 61
1 5 62
1 5 63
7 6 65
7 6 66
7 6 67
7 6 68
7 6 69
7 6 70
7 6 71
7 6 72
7 6 73
vessel8's berth allocation
0 59
0 60
0 61
0 62
0 63
0 64
0 65
0 66
0 67
0 68
0 69
0 70
0 71
0 72
0 73
0 74
==========================9===========================
vessel9's yard assignment
2 2 67
2 2 68
2 2 69
2 2 70
4 4 80
4 4 81
4 4 82
4 4 83
4 4 84
8 8 72
8 8 73
8 8 74
8 8 75
8 8 76
8 8 77
8 8 78
vessel9's berth allocation
2 67
2 68
2 69
2 70
2 71
2 72
2 73
2 74
2 75
2 76
2 77
2 78
2 79
2 80
2 81
2 82
2 83
2 84
2 85
==========================10===========================
vessel10's yard assignment
0 6 75
0 6 76
0 6 77
0 6 78
0 6 79
0 6 80
3 3 82
3 3 83
3 3 84
3 3 85
3 3 86
3 3 87
3 3 88
3 3 89
vessel10's berth allocation
0 75
0 76
0 77
0 78
0 79
0 80
0 81
0 82
0 83
0 84
0 85
0 86
0 87
0 88
0 89
0 90
==========================11===========================
vessel11's yard assignment
1 5 83
1 5 84
1 5 85
1 5 86
2 6 95
2 6 96
2 6 97
2 6 98
2 6 99
2 6 100
5 5 88
5 5 89
5 5 90
5 5 91
5 5 92
5 5 93
vessel11's berth allocation
1 83
1 84
1 85
1 86
1 87
1 88
1 89
1 90
1 91
1 92
1 93
1 94
1 95
1 96
1 97
1 98
1 99
1 100
1 101
==========================12===========================
vessel12's yard assignment
4 0 94
4 0 95
4 0 96
4 0 97
4 0 98
4 0 99
4 0 100
5 3 102
5 3 103
5 3 104
5 3 105
5 3 106
5 3 107
5 3 108
vessel12's berth allocation
2 94
2 95
2 96
2 97
2 98
2 99
2 100
2 101
2 102
2 103
2 104
2 105
2 106
2 107
2 108
2 109