Opt val 973570
overall runtime 259.4162884
root LS time: 9.71080820000001
root Cplex time 248.3934829
root UB 973570
root LB 973570
IterNum 168
root ColumnNum 100
root Time 258.5993459
Node Num total 1
==========================1===========================
vessel1's yard assignment
2 2 16
2 2 17
2 2 18
2 2 19
2 2 20
2 2 21
2 2 22
3 7 24
3 7 25
3 7 26
3 7 27
3 7 28
3 7 29
3 7 30
3 7 31
7 8 33
7 8 34
7 8 35
7 8 36
7 8 37
7 8 38
7 8 39
vessel1's berth allocation
2 16
2 17
2 18
2 19
2 20
2 21
2 22
2 23
2 24
2 25
2 26
2 27
2 28
2 29
2 30
2 31
2 32
2 33
2 34
2 35
2 36
2 37
2 38
2 39
2 40
==========================2===========================
vessel2's yard assignment
0 5 29
0 5 30
0 5 31
0 5 32
0 5 33
1 3 24
1 3 25
1 3 26
1 3 27
7 3 35
7 3 36
7 3 37
7 3 38
7 3 39
vessel2's berth allocation
0 24
0 25
0 26
0 27
0 28
0 29
0 30
0 31
0 32
0 33
0 34
0 35
0 36
0 37
0 38
0 39
0 40
==========================3===========================
vessel3's yard assignment
1 5 36
1 5 37
1 5 38
8 5 40
8 5 41
8 5 42
vessel3's berth allocation
1 36
1 37
1 38
1 39
1 40
1 41
1 42
1 43
==========================4===========================
vessel4's yard assignment
6 0 55
6 0 56
6 0 57
6 0 58
6 0 59
6 0 60
6 0 61
6 0 62
6 0 63
7 6 45
7 6 46
7 6 47
7 6 48
7 6 49
7 6 50
7 6 51
7 6 52
7 6 53
vessel4's berth allocation
0 45
0 46
0 47
0 48
0 49
0 50
0 51
0 52
0 53
0 54
0 55
0 56
0 57
0 58
0 59
0 60
0 61
0 62
0 63
0 64
==========================5===========================
vessel5's yard assignment
4 4 56
4 4 57
4 4 58
4 4 59
8 8 50
8 8 51
8 8 52
8 8 53
8 8 54
vessel5's berth allocation
1 50
1 51
1 52
1 53
1 54
1 55
1 56
1 57
1 58
1 59
1 60
==========================6===========================
vessel6's yard assignment
1 3 59
1 3 60
1 3 61
2 4 63
2 4 64
2 4 65
2 4 66
2 4 67
2 4 68
2 4 69
vessel6's berth allocation
2 59
2 60
2 61
2 62
2 63
2 64
2 65
2 66
2 67
2 68
2 69
2 70
==========================7===========================
vessel7's yard assignment
3 5 61
3 5 62
3 5 63
3 5 64
3 5 65
3 5 66
3 5 67
6 7 69
6 7 70
6 7 71
6 7 72
6 7 73
vessel7's berth allocation
1 61
1 62
1 63
1 64
1 65
1 66
1 67
1 68
1 69
1 70
1 71
1 72
1 73
1 74
==========================8===========================
vessel8's yard assignment
5 6 72
5 6 73
5 6 74
5 6 75
5 6 76
5 6 77
5 6 78
5 6 79
7 6 67
7 6 68
7 6 69
7 6 70
vessel8's berth allocation
0 67
0 68
0 69
0 70
0 71
0 72
0 73
0 74
0 75
0 76
0 77
0 78
0 79
0 80
==========================9===========================
vessel9's yard assignment
1 5 88
1 5 89
1 5 90
1 5 91
1 5 92
1 5 93
2 2 73
2 2 74
2 2 75
2 2 76
2 2 77
2 2 78
5 3 80
5 3 81
5 3 82
5 3 83
5 3 84
5 3 85
5 3 86
vessel9's berth allocation
2 73
2 74
2 75
2 76
2 77
2 78
2 79
2 80
2 81
2 82
2 83
2 84
2 85
2 86
2 87
2 88
2 89
2 90
2 91
2 92
2 93
2 94
==========================10===========================
vessel10's yard assignment
0 1 84
0 1 85
0 1 86
0 1 87
0 1 88
0 1 89
0 1 90
0 1 91
4 0 93
4 0 94
4 0 95
4 0 96
7 3 98
7 3 99
7 3 100
7 3 101
7 3 102
7 3 103
vessel10's berth allocation
1 84
1 85
1 86
1 87
1 88
1 89
1 90
1 91
1 92
1 93
1 94
1 95
1 96
1 97
1 98
1 99
1 100
1 101
1 102
1 103
1 104
==========================11===========================
vessel11's yard assignment
3 7 92
3 7 93
3 7 94
3 7 95
6 0 87
6 0 88
6 0 89
6 0 90
vessel11's berth allocation
0 87
0 88
0 89
0 90
0 91
0 92
0 93
0 94
0 95
0 96
==========================12===========================
vessel12's yard assignment
1 3 107
1 3 108
1 3 109
6 0 100
6 0 101
6 0 102
6 0 103
6 0 104
6 0 105
vessel12's berth allocation
0 100
0 101
0 102
0 103
0 104
0 105
0 106
0 107
0 108
0 109
0 110