Opt val 1031330
overall runtime 1072.0214072
root LS time: 24.851498000000014
root Cplex time 1045.8042680999997
root UB 1031330
root LB 1030930
IterNum 348
root ColumnNum 109
root Time 1071.8600074
Node Num total 1
==========================1===========================
vessel1's yard assignment
0 5 10
0 5 11
0 5 12
0 5 13
0 5 14
4 0 3
4 0 4
4 0 5
4 0 6
4 0 7
4 0 8
6 0 16
6 0 17
6 0 18
6 0 19
vessel1's berth allocation
0 3
0 4
0 5
0 6
0 7
0 8
0 9
0 10
0 11
0 12
0 13
0 14
0 15
0 16
0 17
0 18
0 19
0 20
==========================2===========================
vessel2's yard assignment
1 3 13
1 3 14
1 3 15
1 3 24
1 3 25
1 3 26
8 8 17
8 8 18
8 8 19
8 8 20
vessel2's berth allocation
1 13
1 14
1 15
1 16
1 17
1 18
1 19
1 20
1 21
1 22
1 23
1 24
1 25
1 26
1 27
==========================3===========================
vessel3's yard assignment
4 0 22
4 0 23
4 0 24
4 0 25
4 0 26
5 5 28
5 5 29
5 5 30
5 5 31
vessel3's berth allocation
0 22
0 23
0 24
0 25
0 26
0 27
0 28
0 29
0 30
0 31
0 32
==========================4===========================
vessel4's yard assignment
2 6 40
2 6 41
2 6 42
2 6 43
2 6 44
2 6 45
2 6 46
7 8 32
7 8 33
7 8 34
7 8 35
7 8 36
7 8 37
vessel4's berth allocation
2 32
2 33
2 34
2 35
2 36
2 37
2 38
2 39
2 40
2 41
2 42
2 43
2 44
2 45
2 46
2 47
==========================5===========================
vessel5's yard assignment
0 5 47
0 5 48
0 5 49
0 5 66
0 5 67
0 5 68
0 5 69
0 5 70
5 3 58
5 3 59
5 3 60
5 3 61
5 3 62
5 3 63
5 3 64
8 8 51
8 8 52
8 8 53
8 8 54
8 8 55
8 8 56
vessel5's berth allocation
0 47
0 48
0 49
0 50
0 51
0 52
0 53
0 54
0 55
0 56
0 57
0 58
0 59
0 60
0 61
0 62
0 63
0 64
0 65
0 66
0 67
0 68
0 69
0 70
0 71
==========================6===========================
vessel6's yard assignment
0 5 58
0 5 59
0 5 60
0 5 61
0 5 62
0 5 63
0 5 64
3 7 52
3 7 53
3 7 54
3 7 55
3 7 56
vessel6's berth allocation
2 52
2 53
2 54
2 55
2 56
2 57
2 58
2 59
2 60
2 61
2 62
2 63
2 64
2 65
==========================7===========================
vessel7's yard assignment
1 1 65
1 1 66
1 1 67
1 1 68
1 1 69
1 1 70
5 6 72
5 6 73
5 6 74
5 6 75
5 6 76
5 6 77
vessel7's berth allocation
1 65
1 66
1 67
1 68
1 69
1 70
1 71
1 72
1 73
1 74
1 75
1 76
1 77
1 78
==========================8===========================
vessel8's yard assignment
3 3 79
3 3 80
3 3 81
3 3 82
3 3 83
3 3 84
7 6 66
7 6 67
7 6 68
7 6 69
7 6 70
8 8 72
8 8 73
8 8 74
8 8 75
8 8 76
8 8 77
vessel8's berth allocation
2 66
2 67
2 68
2 69
2 70
2 71
2 72
2 73
2 74
2 75
2 76
2 77
2 78
2 79
2 80
2 81
2 82
2 83
2 84
2 85
==========================9===========================
vessel9's yard assignment
4 4 79
4 4 80
4 4 81
4 4 82
4 4 83
4 4 84
4 4 85
6 0 87
6 0 88
6 0 89
6 0 90
6 0 91
6 0 92
6 0 93
6 0 94
vessel9's berth allocation
1 79
1 80
1 81
1 82
1 83
1 84
1 85
1 86
1 87
1 88
1 89
1 90
1 91
1 92
1 93
1 94
1 95
==========================10===========================
vessel10's yard assignment
0 1 81
0 1 82
0 1 83
0 1 84
0 1 85
0 1 86
0 1 87
0 1 88
7 3 98
7 3 99
7 3 100
7 3 101
7 3 102
8 8 90
8 8 91
8 8 92
8 8 93
8 8 94
8 8 95
8 8 96
vessel10's berth allocation
0 81
0 82
0 83
0 84
0 85
0 86
0 87
0 88
0 89
0 90
0 91
0 92
0 93
0 94
0 95
0 96
0 97
0 98
0 99
0 100
0 101
0 102
0 103
==========================11===========================
vessel11's yard assignment
2 2 96
2 2 97
2 2 98
2 2 99
2 2 100
2 2 101
2 2 102
2 2 103
2 2 104
5 5 86
5 5 87
5 5 88
5 5 89
5 5 90
5 5 91
5 5 92
5 5 93
5 5 94
vessel11's berth allocation
2 86
2 87
2 88
2 89
2 90
2 91
2 92
2 93
2 94
2 95
2 96
2 97
2 98
2 99
2 100
2 101
2 102
2 103
2 104
2 105
==========================12===========================
vessel12's yard assignment
0 6 102
0 6 103
0 6 104
0 6 105
0 6 106
5 3 108
5 3 109
5 3 110
5 3 111
5 3 112
5 3 113
6 0 96
6 0 97
6 0 98
6 0 99
6 0 100
vessel12's berth allocation
1 96
1 97
1 98
1 99
1 100
1 101
1 102
1 103
1 104
1 105
1 106
1 107
1 108
1 109
1 110
1 111
1 112
1 113
1 114