Opt val 441200
overall runtime 77.2900367
root LS time: 7.558675299999998
root Cplex time 67.29818320000001
root UB 441200
root LB 441200
IterNum 65
root ColumnNum 37
root Time 75.0707027
Node Num total 1
==========================1===========================
vessel1's yard assignment
1 5 6
1 5 7
1 5 8
1 5 9
1 5 10
6 2 12
6 2 13
6 2 14
6 2 15
6 2 16
6 2 17
vessel1's berth allocation
0 6
0 7
0 8
0 9
0 10
0 11
0 12
0 13
0 14
0 15
0 16
0 17
0 18
==========================2===========================
vessel2's yard assignment
2 2 50
2 2 51
2 2 52
2 2 53
2 2 54
2 2 55
4 6 41
4 6 42
4 6 43
4 6 44
4 6 45
4 6 46
4 6 47
4 6 48
8 1 36
8 1 37
8 1 38
8 1 39
vessel2's berth allocation
1 36
1 37
1 38
1 39
1 40
1 41
1 42
1 43
1 44
1 45
1 46
1 47
1 48
1 49
1 50
1 51
1 52
1 53
1 54
1 55
1 56
==========================3===========================
vessel3's yard assignment
0 6 15
0 6 16
0 6 17
0 6 18
0 6 19
0 6 20
0 6 21
7 3 11
7 3 12
7 3 13
7 3 24
7 3 25
7 3 26
7 3 27
vessel3's berth allocation
1 11
1 12
1 13
1 14
1 15
1 16
1 17
1 18
1 19
1 20
1 21
1 22
1 23
1 24
1 25
1 26
1 27
1 28
==========================4===========================
vessel4's yard assignment
1 3 39
1 3 40
1 3 41
1 3 42
1 3 43
2 2 23
2 2 24
2 2 25
2 2 26
2 2 27
2 2 28
5 5 30
5 5 31
5 5 32
5 5 33
7 3 35
7 3 36
7 3 37
vessel4's berth allocation
2 23
2 24
2 25
2 26
2 27
2 28
2 29
2 30
2 31
2 32
2 33
2 34
2 35
2 36
2 37
2 38
2 39
2 40
2 41
2 42
2 43
2 44
==========================5===========================
vessel5's yard assignment
3 5 42
3 5 43
3 5 44
3 5 45
3 5 46
5 5 36
5 5 37
5 5 38
5 5 39
5 5 40
7 6 29
7 6 30
7 6 31
7 6 32
7 6 33
7 6 34
vessel5's berth allocation
0 29
0 30
0 31
0 32
0 33
0 34
0 35
0 36
0 37
0 38
0 39
0 40
0 41
0 42
0 43
0 44
0 45
0 46
0 47