Opt val 403370
overall runtime 232.0256751
root LS time: 4.673263299999999
root Cplex time 226.9379606
root UB 403370
root LB 403370
IterNum 75
root ColumnNum 44
root Time 231.935837
Node Num total 1
==========================1===========================
vessel1's yard assignment
1 3 14
1 3 15
1 3 16
1 3 17
1 3 18
6 0 4
6 0 5
6 0 6
6 0 7
7 3 9
7 3 10
7 3 11
7 3 12
vessel1's berth allocation
0 4
0 5
0 6
0 7
0 8
0 9
0 10
0 11
0 12
0 13
0 14
0 15
0 16
0 17
0 18
0 19
==========================2===========================
vessel2's yard assignment
4 6 6
4 6 7
4 6 8
4 6 9
4 6 10
4 6 11
4 6 12
7 6 14
7 6 15
7 6 16
7 6 17
7 6 18
7 6 19
7 6 20
7 6 21
vessel2's berth allocation
1 6
1 7
1 8
1 9
1 10
1 11
1 12
1 13
1 14
1 15
1 16
1 17
1 18
1 19
1 20
1 21
1 22
==========================3===========================
vessel3's yard assignment
2 2 17
2 2 18
2 2 19
2 2 20
2 2 21
5 3 24
5 3 25
5 3 26
5 3 27
5 3 28
8 5 11
8 5 12
8 5 13
8 5 14
8 5 15
vessel3's berth allocation
2 11
2 12
2 13
2 14
2 15
2 16
2 17
2 18
2 19
2 20
2 21
2 22
2 23
2 24
2 25
2 26
2 27
2 28
2 29
==========================4===========================
vessel4's yard assignment
4 0 20
4 0 21
4 0 22
4 0 23
4 0 24
4 0 25
4 0 26
7 6 28
7 6 29
7 6 30
7 6 31
7 6 32
7 6 33
7 6 34
7 6 35
vessel4's berth allocation
0 20
0 21
0 22
0 23
0 24
0 25
0 26
0 27
0 28
0 29
0 30
0 31
0 32
0 33
0 34
0 35
0 36
==========================5===========================
vessel5's yard assignment
1 5 34
1 5 35
1 5 36
1 5 37
1 5 38
3 5 28
3 5 29
3 5 30
3 5 31
3 5 32
6 2 23
6 2 24
6 2 25
6 2 26
vessel5's berth allocation
1 23
1 24
1 25
1 26
1 27
1 28
1 29
1 30
1 31
1 32
1 33
1 34
1 35
1 36
1 37
1 38
1 39