Opt val 1032750
overall runtime 704.5526335
root LS time: 10.132137
root Cplex time 233.85118950000003
root UB 1032750
root LB 1030825
IterNum 228
root ColumnNum 113
root Time 244.6093299
Node Num total 5
==========================1===========================
vessel1's yard assignment
0 6 18
0 6 19
0 6 20
0 6 21
0 6 22
6 2 13
6 2 14
6 2 15
6 2 16
7 6 3
7 6 4
7 6 5
7 6 6
7 6 7
7 6 8
7 6 9
7 6 10
7 6 11
vessel1's berth allocation
0 3
0 4
0 5
0 6
0 7
0 8
0 9
0 10
0 11
0 12
0 13
0 14
0 15
0 16
0 17
0 18
0 19
0 20
0 21
0 22
0 23
==========================2===========================
vessel2's yard assignment
1 1 21
1 1 22
1 1 23
1 1 24
1 1 25
8 5 11
8 5 12
8 5 13
8 5 14
8 5 15
8 5 16
8 5 17
8 5 18
8 5 19
vessel2's berth allocation
2 11
2 12
2 13
2 14
2 15
2 16
2 17
2 18
2 19
2 20
2 21
2 22
2 23
2 24
2 25
2 26
==========================3===========================
vessel3's yard assignment
2 4 15
2 4 16
2 4 17
2 4 18
2 4 19
2 4 20
6 2 24
6 2 25
6 2 26
6 2 27
6 2 28
8 1 30
8 1 31
8 1 32
8 1 33
8 1 34
8 1 35
8 1 36
8 1 37
vessel3's berth allocation
1 15
1 16
1 17
1 18
1 19
1 20
1 21
1 22
1 23
1 24
1 25
1 26
1 27
1 28
1 29
1 30
1 31
1 32
1 33
1 34
1 35
1 36
1 37
1 38
==========================4===========================
vessel4's yard assignment
3 5 27
3 5 28
3 5 29
3 5 30
3 5 31
3 5 32
7 6 34
7 6 35
7 6 36
7 6 37
7 6 38
7 6 39
7 6 40
7 6 45
vessel4's berth allocation
0 27
0 28
0 29
0 30
0 31
0 32
0 33
0 34
0 35
0 36
0 37
0 38
0 39
0 40
0 41
0 42
0 43
0 44
0 45
0 46
==========================5===========================
vessel5's yard assignment
4 4 43
4 4 44
4 4 45
4 4 46
4 4 47
4 4 48
4 4 49
6 2 35
6 2 36
6 2 37
6 2 38
6 2 39
6 2 40
7 6 51
7 6 52
7 6 53
7 6 54
7 6 55
7 6 56
7 6 57
vessel5's berth allocation
2 35
2 36
2 37
2 38
2 39
2 40
2 41
2 42
2 43
2 44
2 45
2 46
2 47
2 48
2 49
2 50
2 51
2 52
2 53
2 54
2 55
2 56
2 57
2 58
==========================6===========================
vessel6's yard assignment
5 3 43
5 3 44
5 3 45
5 3 46
5 3 47
5 3 48
5 3 49
8 5 51
8 5 52
8 5 53
8 5 54
8 5 55
8 5 56
8 5 57
vessel6's berth allocation
1 43
1 44
1 45
1 46
1 47
1 48
1 49
1 50
1 51
1 52
1 53
1 54
1 55
1 56
1 57
1 58
==========================7===========================
vessel7's yard assignment
0 6 65
0 6 66
0 6 67
0 6 68
3 3 51
3 3 52
3 3 53
3 3 54
6 0 56
6 0 57
6 0 58
6 0 59
6 0 60
6 0 61
6 0 62
6 0 63
vessel7's berth allocation
0 51
0 52
0 53
0 54
0 55
0 56
0 57
0 58
0 59
0 60
0 61
0 62
0 63
0 64
0 65
0 66
0 67
0 68
0 69
==========================8===========================
vessel8's yard assignment
1 1 70
1 1 71
1 1 72
1 1 73
1 1 74
7 3 60
7 3 61
7 3 62
7 3 63
7 3 64
7 3 65
7 3 66
7 3 67
7 3 68
vessel8's berth allocation
1 60
1 61
1 62
1 63
1 64
1 65
1 66
1 67
1 68
1 69
1 70
1 71
1 72
1 73
1 74
1 75
==========================9===========================
vessel9's yard assignment
2 6 81
2 6 82
2 6 83
2 6 84
4 0 75
4 0 76
4 0 77
4 0 78
4 0 79
8 5 67
8 5 68
8 5 69
8 5 70
8 5 71
8 5 72
8 5 73
vessel9's berth allocation
2 67
2 68
2 69
2 70
2 71
2 72
2 73
2 74
2 75
2 76
2 77
2 78
2 79
2 80
2 81
2 82
2 83
2 84
2 85
==========================10===========================
vessel10's yard assignment
0 1 84
0 1 85
0 1 86
0 1 87
0 1 88
0 1 89
3 5 75
3 5 76
3 5 77
3 5 78
3 5 79
3 5 80
3 5 81
3 5 82
vessel10's berth allocation
0 75
0 76
0 77
0 78
0 79
0 80
0 81
0 82
0 83
0 84
0 85
0 86
0 87
0 88
0 89
0 90
==========================11===========================
vessel11's yard assignment
1 3 83
1 3 84
1 3 85
1 3 86
2 2 88
2 2 89
2 2 90
2 2 91
2 2 92
2 2 93
5 5 95
5 5 96
5 5 97
5 5 98
5 5 99
5 5 100
vessel11's berth allocation
1 83
1 84
1 85
1 86
1 87
1 88
1 89
1 90
1 91
1 92
1 93
1 94
1 95
1 96
1 97
1 98
1 99
1 100
1 101
==========================12===========================
vessel12's yard assignment
4 0 102
4 0 103
4 0 104
4 0 105
4 0 106
4 0 107
4 0 108
5 6 94
5 6 95
5 6 96
5 6 97
5 6 98
5 6 99
5 6 100
vessel12's berth allocation
0 94
0 95
0 96
0 97
0 98
0 99
0 100
0 101
0 102
0 103
0 104
0 105
0 106
0 107
0 108
0 109