Feas val 1125600
overall runtime 7200
root LS time: 28.031446899999974
root Cplex time 1486.0917617999994
root UB 1125600
root LB 1106491.304347826
IterNum 444
root ColumnNum 243
root Time 1516.2512037
Node Num total 4
==========================1===========================
vessel1's yard assignment
6 0 15
6 0 16
6 0 17
6 0 18
6 0 19
6 0 20
6 0 21
8 1 4
8 1 5
8 1 6
8 1 7
8 1 8
8 1 9
8 1 10
vessel1's berth allocation
2 4
2 5
2 6
2 7
2 8
2 9
2 10
2 11
2 12
2 13
2 14
2 15
2 16
2 17
2 18
2 19
2 20
2 21
2 22
==========================2===========================
vessel2's yard assignment
0 1 19
0 1 20
0 1 21
0 1 22
0 1 23
0 1 24
0 1 25
1 5 9
1 5 10
1 5 11
1 5 12
6 2 14
6 2 15
6 2 16
6 2 17
vessel2's berth allocation
1 9
1 10
1 11
1 12
1 13
1 14
1 15
1 16
1 17
1 18
1 19
1 20
1 21
1 22
1 23
1 24
1 25
1 26
==========================3===========================
vessel3's yard assignment
5 6 21
5 6 22
5 6 23
5 6 24
5 6 25
5 6 26
5 6 27
8 5 14
8 5 15
8 5 16
8 5 17
8 5 18
8 5 19
vessel3's berth allocation
0 14
0 15
0 16
0 17
0 18
0 19
0 20
0 21
0 22
0 23
0 24
0 25
0 26
0 27
0 28
==========================4===========================
vessel4's yard assignment
3 5 27
3 5 28
3 5 29
3 5 30
3 5 31
3 5 32
4 6 34
4 6 35
4 6 36
4 6 37
4 6 38
4 6 39
4 6 40
vessel4's berth allocation
1 27
1 28
1 29
1 30
1 31
1 32
1 33
1 34
1 35
1 36
1 37
1 38
1 39
1 40
1 41
==========================5===========================
vessel5's yard assignment
0 1 37
0 1 38
0 1 39
0 1 40
2 2 24
2 2 25
2 2 26
2 2 27
2 2 28
2 2 29
3 3 31
3 3 32
3 3 33
3 3 34
3 3 35
vessel5's berth allocation
2 24
2 25
2 26
2 27
2 28
2 29
2 30
2 31
2 32
2 33
2 34
2 35
2 36
2 37
2 38
2 39
2 40
2 41
==========================6===========================
vessel6's yard assignment
4 0 36
4 0 37
4 0 38
4 0 39
5 3 46
5 3 47
5 3 48
5 3 49
5 3 50
5 3 51
7 3 41
7 3 42
7 3 43
7 3 44
vessel6's berth allocation
0 36
0 37
0 38
0 39
0 40
0 41
0 42
0 43
0 44
0 45
0 46
0 47
0 48
0 49
0 50
0 51
0 52
==========================7===========================
vessel7's yard assignment
2 4 43
2 4 44
2 4 45
2 4 46
2 4 47
3 5 54
3 5 55
3 5 56
3 5 57
6 2 49
6 2 50
6 2 51
6 2 52
vessel7's berth allocation
2 43
2 44
2 45
2 46
2 47
2 48
2 49
2 50
2 51
2 52
2 53
2 54
2 55
2 56
2 57
2 58
==========================8===========================
vessel8's yard assignment
2 2 46
2 2 47
2 2 57
2 2 58
2 2 59
2 2 60
2 2 61
2 2 62
8 1 49
8 1 50
8 1 51
8 1 52
8 1 53
8 1 54
8 1 55
vessel8's berth allocation
1 46
1 47
1 48
1 49
1 50
1 51
1 52
1 53
1 54
1 55
1 56
1 57
1 58
1 59
1 60
1 61
1 62
1 63
==========================9===========================
vessel9's yard assignment
5 6 53
5 6 54
5 6 55
5 6 56
5 6 57
5 6 58
7 3 60
7 3 61
7 3 62
7 3 63
7 3 64
7 3 65
7 3 66
9 6 68
9 6 69
9 6 70
9 6 71
9 6 72
vessel9's berth allocation
0 53
0 54
0 55
0 56
0 57
0 58
0 59
0 60
0 61
0 62
0 63
0 64
0 65
0 66
0 67
0 68
0 69
0 70
0 71
0 72
0 73
==========================10===========================
vessel10's yard assignment
2 6 79
2 6 80
2 6 81
2 6 82
2 6 83
2 6 84
4 0 73
4 0 74
4 0 75
4 0 76
4 0 77
7 3 68
7 3 69
7 3 70
7 3 71
vessel10's berth allocation
1 68
1 69
1 70
1 71
1 72
1 73
1 74
1 75
1 76
1 77
1 78
1 79
1 80
1 81
1 82
1 83
1 84
1 85
==========================11===========================
vessel11's yard assignment
0 1 82
0 1 83
0 1 84
0 1 85
4 0 87
4 0 88
4 0 89
4 0 90
9 2 75
9 2 76
9 2 77
9 2 78
9 2 79
9 2 80
vessel11's berth allocation
0 75
0 76
0 77
0 78
0 79
0 80
0 81
0 82
0 83
0 84
0 85
0 86
0 87
0 88
0 89
0 90
0 91
==========================12===========================
vessel12's yard assignment
1 5 92
1 5 93
1 5 94
1 5 95
1 5 96
1 5 97
1 5 98
3 3 89
3 3 90
3 3 100
3 3 101
3 3 102
3 3 103
3 3 104
vessel12's berth allocation
2 89
2 90
2 91
2 92
2 93
2 94
2 95
2 96
2 97
2 98
2 99
2 100
2 101
2 102
2 103
2 104
2 105