Opt val 969490
overall runtime 369.7609882
root LS time: 10.020552000000006
root Cplex time 356.7810517000001
root UB 969490
root LB 969490
IterNum 276
root ColumnNum 110
root Time 367.4303508
Node Num total 1
==========================1===========================
vessel1's yard assignment
2 2 25
2 2 26
2 2 27
2 2 28
2 2 29
2 2 30
2 2 31
3 3 16
3 3 17
3 3 18
3 3 19
3 3 20
3 3 21
3 3 22
3 3 23
7 6 33
7 6 34
7 6 35
7 6 36
7 6 37
7 6 38
7 6 39
vessel1's berth allocation
1 16
1 17
1 18
1 19
1 20
1 21
1 22
1 23
1 24
1 25
1 26
1 27
1 28
1 29
1 30
1 31
1 32
1 33
1 34
1 35
1 36
1 37
1 38
1 39
1 40
==========================2===========================
vessel2's yard assignment
0 5 33
0 5 34
0 5 35
0 5 36
0 5 37
1 5 28
1 5 29
1 5 30
1 5 31
7 6 22
7 6 23
7 6 24
7 6 25
7 6 26
vessel2's berth allocation
0 22
0 23
0 24
0 25
0 26
0 27
0 28
0 29
0 30
0 31
0 32
0 33
0 34
0 35
0 36
0 37
0 38
==========================3===========================
vessel3's yard assignment
1 3 40
1 3 41
1 3 42
8 1 36
8 1 37
8 1 38
vessel3's berth allocation
2 36
2 37
2 38
2 39
2 40
2 41
2 42
2 43
==========================4===========================
vessel4's yard assignment
6 0 55
6 0 56
6 0 57
6 0 58
6 0 59
6 0 60
6 0 61
6 0 62
6 0 63
7 3 45
7 3 46
7 3 47
7 3 48
7 3 49
7 3 50
7 3 51
7 3 52
7 3 53
vessel4's berth allocation
1 45
1 46
1 47
1 48
1 49
1 50
1 51
1 52
1 53
1 54
1 55
1 56
1 57
1 58
1 59
1 60
1 61
1 62
1 63
1 64
==========================5===========================
vessel5's yard assignment
4 6 50
4 6 51
4 6 52
4 6 53
8 5 55
8 5 56
8 5 57
8 5 58
8 5 59
vessel5's berth allocation
2 50
2 51
2 52
2 53
2 54
2 55
2 56
2 57
2 58
2 59
2 60
==========================6===========================
vessel6's yard assignment
1 5 67
1 5 68
1 5 69
2 4 59
2 4 60
2 4 61
2 4 62
2 4 63
2 4 64
2 4 65
vessel6's berth allocation
0 59
0 60
0 61
0 62
0 63
0 64
0 65
0 66
0 67
0 68
0 69
0 70
==========================7===========================
vessel7's yard assignment
3 3 61
3 3 62
3 3 63
3 3 64
3 3 65
3 3 66
3 3 67
6 2 69
6 2 70
6 2 71
6 2 72
6 2 73
vessel7's berth allocation
2 61
2 62
2 63
2 64
2 65
2 66
2 67
2 68
2 69
2 70
2 71
2 72
2 73
2 74
==========================8===========================
vessel8's yard assignment
5 5 72
5 5 73
5 5 74
5 5 75
5 5 76
5 5 77
5 5 78
5 5 79
7 6 67
7 6 68
7 6 69
7 6 70
vessel8's berth allocation
1 67
1 68
1 69
1 70
1 71
1 72
1 73
1 74
1 75
1 76
1 77
1 78
1 79
1 80
==========================9===========================
vessel9's yard assignment
1 3 76
1 3 77
1 3 78
1 3 79
1 3 80
1 3 81
2 4 73
2 4 74
2 4 91
2 4 92
2 4 93
2 4 94
5 3 83
5 3 84
5 3 85
5 3 86
5 3 87
5 3 88
5 3 89
vessel9's berth allocation
0 73
0 74
0 75
0 76
0 77
0 78
0 79
0 80
0 81
0 82
0 83
0 84
0 85
0 86
0 87
0 88
0 89
0 90
0 91
0 92
0 93
0 94
0 95
==========================10===========================
vessel10's yard assignment
0 1 84
0 1 85
0 1 86
0 1 87
0 1 88
0 1 89
0 1 90
0 1 91
4 0 100
4 0 101
4 0 102
4 0 103
7 6 93
7 6 94
7 6 95
7 6 96
7 6 97
7 6 98
vessel10's berth allocation
1 84
1 85
1 86
1 87
1 88
1 89
1 90
1 91
1 92
1 93
1 94
1 95
1 96
1 97
1 98
1 99
1 100
1 101
1 102
1 103
1 104
==========================11===========================
vessel11's yard assignment
3 5 92
3 5 93
3 5 94
3 5 95
6 0 87
6 0 88
6 0 89
6 0 90
vessel11's berth allocation
2 87
2 88
2 89
2 90
2 91
2 92
2 93
2 94
2 95
2 96
==========================12===========================
vessel12's yard assignment
1 5 100
1 5 101
1 5 102
6 2 104
6 2 105
6 2 106
6 2 107
6 2 108
6 2 109
vessel12's berth allocation
0 100
0 101
0 102
0 103
0 104
0 105
0 106
0 107
0 108
0 109
0 110