Opt val 1036030
overall runtime 1239.0465537
root LS time: 20.414104700000003
root Cplex time 1213.309925899999
root UB 1036029.9999999999
root LB 1036030
IterNum 516
root ColumnNum 212
root Time 1236.1638017
Node Num total 1
==========================1===========================
vessel1's yard assignment
0 6 8
0 6 9
0 6 10
0 6 11
0 6 12
4 4 14
4 4 15
4 4 16
4 4 17
4 4 18
4 4 19
6 0 3
6 0 4
6 0 5
6 0 6
vessel1's berth allocation
0 3
0 4
0 5
0 6
0 7
0 8
0 9
0 10
0 11
0 12
0 13
0 14
0 15
0 16
0 17
0 18
0 19
0 20
==========================2===========================
vessel2's yard assignment
1 3 18
1 3 19
1 3 20
1 3 21
1 3 22
1 3 23
8 5 13
8 5 14
8 5 15
8 5 16
vessel2's berth allocation
1 13
1 14
1 15
1 16
1 17
1 18
1 19
1 20
1 21
1 22
1 23
1 24
==========================3===========================
vessel3's yard assignment
4 6 22
4 6 23
4 6 24
4 6 25
4 6 26
5 5 28
5 5 29
5 5 30
5 5 31
vessel3's berth allocation
0 22
0 23
0 24
0 25
0 26
0 27
0 28
0 29
0 30
0 31
0 32
==========================4===========================
vessel4's yard assignment
2 2 32
2 2 33
2 2 34
2 2 35
2 2 36
2 2 37
2 2 38
7 3 40
7 3 41
7 3 42
7 3 43
7 3 44
7 3 45
vessel4's berth allocation
1 32
1 33
1 34
1 35
1 36
1 37
1 38
1 39
1 40
1 41
1 42
1 43
1 44
1 45
1 46
==========================5===========================
vessel5's yard assignment
0 6 64
0 6 65
0 6 66
0 6 67
0 6 68
0 6 69
0 6 70
0 6 71
5 5 47
5 5 48
5 5 49
5 5 50
5 5 51
5 5 52
5 5 53
8 1 55
8 1 56
8 1 57
8 1 58
8 1 59
8 1 60
vessel5's berth allocation
2 47
2 48
2 49
2 50
2 51
2 52
2 53
2 54
2 55
2 56
2 57
2 58
2 59
2 60
2 61
2 62
2 63
2 64
2 65
2 66
2 67
2 68
2 69
2 70
2 71
2 72
==========================6===========================
vessel6's yard assignment
0 6 52
0 6 53
0 6 54
0 6 55
0 6 56
0 6 57
0 6 58
3 3 60
3 3 61
3 3 62
3 3 63
3 3 64
vessel6's berth allocation
0 52
0 53
0 54
0 55
0 56
0 57
0 58
0 59
0 60
0 61
0 62
0 63
0 64
0 65
==========================7===========================
vessel7's yard assignment
1 1 66
1 1 67
1 1 68
1 1 69
1 1 70
1 1 71
5 5 73
5 5 74
5 5 75
5 5 76
5 5 77
5 5 78
vessel7's berth allocation
0 66
0 67
0 68
0 69
0 70
0 71
0 72
0 73
0 74
0 75
0 76
0 77
0 78
0 79
==========================8===========================
vessel8's yard assignment
3 3 66
3 3 67
3 3 68
3 3 69
3 3 70
3 3 71
7 3 76
7 3 77
7 3 78
7 3 79
7 3 80
8 1 73
8 1 74
8 1 82
8 1 83
8 1 84
8 1 85
vessel8's berth allocation
1 66
1 67
1 68
1 69
1 70
1 71
1 72
1 73
1 74
1 75
1 76
1 77
1 78
1 79
1 80
1 81
1 82
1 83
1 84
1 85
1 86
==========================9===========================
vessel9's yard assignment
4 6 79
4 6 80
4 6 81
4 6 82
4 6 83
4 6 84
4 6 85
6 0 87
6 0 88
6 0 89
6 0 90
6 0 91
6 0 92
6 0 93
6 0 94
vessel9's berth allocation
2 79
2 80
2 81
2 82
2 83
2 84
2 85
2 86
2 87
2 88
2 89
2 90
2 91
2 92
2 93
2 94
2 95
==========================10===========================
vessel10's yard assignment
0 5 81
0 5 82
0 5 83
0 5 84
0 5 92
0 5 93
0 5 94
0 5 95
7 3 86
7 3 87
7 3 88
7 3 89
7 3 90
8 5 97
8 5 98
8 5 99
8 5 100
8 5 101
8 5 102
8 5 103
vessel10's berth allocation
0 81
0 82
0 83
0 84
0 85
0 86
0 87
0 88
0 89
0 90
0 91
0 92
0 93
0 94
0 95
0 96
0 97
0 98
0 99
0 100
0 101
0 102
0 103
0 104
==========================11===========================
vessel11's yard assignment
2 2 87
2 2 88
2 2 89
2 2 90
2 2 91
2 2 92
2 2 93
2 2 94
2 2 95
5 3 97
5 3 98
5 3 99
5 3 100
5 3 101
5 3 102
5 3 103
5 3 104
5 3 105
vessel11's berth allocation
1 87
1 88
1 89
1 90
1 91
1 92
1 93
1 94
1 95
1 96
1 97
1 98
1 99
1 100
1 101
1 102
1 103
1 104
1 105
1 106
==========================12===========================
vessel12's yard assignment
0 6 103
0 6 104
0 6 105
0 6 106
0 6 107
5 6 96
5 6 97
5 6 98
5 6 99
5 6 100
5 6 101
6 2 109
6 2 110
6 2 111
6 2 112
6 2 113
vessel12's berth allocation
2 96
2 97
2 98
2 99
2 100
2 101
2 102
2 103
2 104
2 105
2 106
2 107
2 108
2 109
2 110
2 111
2 112
2 113
2 114