Opt val 982250
overall runtime 180.539334
root LS time: 6.749403599999999
root Cplex time 170.44610630000003
root UB 982250
root LB 982250
IterNum 204
root ColumnNum 127
root Time 177.7655375
Node Num total 1
==========================1===========================
vessel1's yard assignment
4 0 4
4 0 5
4 0 6
4 0 7
4 0 8
4 0 9
5 5 11
5 5 12
5 5 13
5 5 14
5 5 15
vessel1's berth allocation
0 4
0 5
0 6
0 7
0 8
0 9
0 10
0 11
0 12
0 13
0 14
0 15
0 16
==========================2===========================
vessel2's yard assignment
1 3 16
1 3 17
1 3 18
1 3 19
7 6 21
7 6 22
7 6 23
7 6 24
7 6 25
7 6 26
7 6 27
vessel2's berth allocation
1 16
1 17
1 18
1 19
1 20
1 21
1 22
1 23
1 24
1 25
1 26
1 27
1 28
==========================3===========================
vessel3's yard assignment
6 2 25
6 2 26
6 2 27
8 1 21
8 1 22
8 1 23
vessel3's berth allocation
2 21
2 22
2 23
2 24
2 25
2 26
2 27
2 28
==========================4===========================
vessel4's yard assignment
2 4 43
2 4 44
2 4 45
2 4 46
2 4 47
7 3 30
7 3 31
7 3 32
7 3 33
7 3 34
7 3 35
7 3 49
7 3 50
8 1 37
8 1 38
8 1 39
8 1 40
8 1 41
vessel4's berth allocation
1 30
1 31
1 32
1 33
1 34
1 35
1 36
1 37
1 38
1 39
1 40
1 41
1 42
1 43
1 44
1 45
1 46
1 47
1 48
1 49
1 50
1 51
==========================5===========================
vessel5's yard assignment
2 2 44
2 2 45
2 2 46
2 2 47
3 5 35
3 5 36
3 5 37
3 5 38
3 5 39
7 6 49
7 6 50
7 6 51
7 6 52
7 6 53
7 6 54
7 6 55
vessel5's berth allocation
2 35
2 36
2 37
2 38
2 39
2 40
2 41
2 42
2 43
2 44
2 45
2 46
2 47
2 48
2 49
2 50
2 51
2 52
2 53
2 54
2 55
2 56
==========================6===========================
vessel6's yard assignment
2 6 36
2 6 37
2 6 38
2 6 39
2 6 40
3 3 42
3 3 43
3 3 44
3 3 45
3 3 46
5 5 48
5 5 49
5 5 50
5 5 51
5 5 52
5 5 53
vessel6's berth allocation
0 36
0 37
0 38
0 39
0 40
0 41
0 42
0 43
0 44
0 45
0 46
0 47
0 48
0 49
0 50
0 51
0 52
0 53
0 54
==========================7===========================
vessel7's yard assignment
4 0 61
4 0 62
4 0 63
4 0 64
4 0 65
6 2 52
6 2 53
6 2 54
6 2 55
6 2 56
6 2 57
6 2 58
6 2 59
7 3 67
7 3 68
7 3 69
vessel7's berth allocation
1 52
1 53
1 54
1 55
1 56
1 57
1 58
1 59
1 60
1 61
1 62
1 63
1 64
1 65
1 66
1 67
1 68
1 69
1 70
==========================8===========================
vessel8's yard assignment
1 3 60
1 3 61
1 3 62
1 3 63
1 3 64
1 3 65
8 1 67
8 1 68
8 1 69
8 1 70
8 1 71
8 1 72
vessel8's berth allocation
0 60
0 61
0 62
0 63
0 64
0 65
0 66
0 67
0 68
0 69
0 70
0 71
0 72
0 73
==========================9===========================
vessel9's yard assignment
0 6 64
0 6 65
0 6 66
0 6 67
3 5 69
3 5 70
3 5 71
3 5 72
3 5 73
vessel9's berth allocation
2 64
2 65
2 66
2 67
2 68
2 69
2 70
2 71
2 72
2 73
2 74
==========================10===========================
vessel10's yard assignment
0 5 75
0 5 76
0 5 77
0 5 78
0 5 79
0 5 80
0 5 81
0 5 82
7 3 84
7 3 85
7 3 86
7 3 87
7 3 88
7 3 89
8 5 91
8 5 92
8 5 93
8 5 94
8 5 95
vessel10's berth allocation
1 74
1 75
1 76
1 77
1 78
1 79
1 80
1 81
1 82
1 83
1 84
1 85
1 86
1 87
1 88
1 89
1 90
1 91
1 92
1 93
1 94
1 95
1 96
==========================11===========================
vessel11's yard assignment
5 3 77
5 3 78
5 3 79
5 3 80
5 3 81
5 3 82
6 0 84
6 0 85
6 0 86
vessel11's berth allocation
2 77
2 78
2 79
2 80
2 81
2 82
2 83
2 84
2 85
2 86
2 87
==========================12===========================
vessel12's yard assignment
1 1 89
1 1 90
1 1 91
7 6 86
7 6 87
7 6 93
7 6 94
7 6 95
vessel12's berth allocation
0 86
0 87
0 88
0 89
0 90
0 91
0 92
0 93
0 94
0 95
0 96