Feas val 1288500
overall runtime 7200
root LS time: 45.93016569999998
root Cplex time 3898.8860124
root UB 1326500
root LB 1269712.5
IterNum 1020
root ColumnNum 338
root Time 3950.2265945
Node Num total 3
==========================1===========================
vessel1's yard assignment
4 0 4
4 0 5
4 0 6
5 5 8
5 5 9
5 5 10
5 5 11
5 5 12
7 3 14
7 3 15
7 3 16
7 3 17
7 3 18
vessel1's berth allocation
0 4
0 5
0 6
0 7
0 8
0 9
0 10
0 11
0 12
0 13
0 14
0 15
0 16
0 17
0 18
0 19
==========================2===========================
vessel2's yard assignment
3 3 24
3 3 25
3 3 26
3 3 27
3 3 28
3 3 29
8 1 15
8 1 16
8 1 17
8 1 18
8 1 19
8 1 20
8 1 31
vessel2's berth allocation
1 15
1 16
1 17
1 18
1 19
1 20
1 21
1 22
1 23
1 24
1 25
1 26
1 27
1 28
1 29
1 30
1 31
1 32
==========================3===========================
vessel3's yard assignment
0 1 35
0 1 36
0 1 37
0 1 38
0 1 39
2 2 20
2 2 21
2 2 22
2 2 23
2 2 24
2 2 25
4 0 27
4 0 28
4 0 29
4 0 30
4 0 31
4 0 32
4 0 33
vessel3's berth allocation
2 20
2 21
2 22
2 23
2 24
2 25
2 26
2 27
2 28
2 29
2 30
2 31
2 32
2 33
2 34
2 35
2 36
2 37
2 38
2 39
2 40
==========================4===========================
vessel4's yard assignment
2 6 30
2 6 31
2 6 32
2 6 33
8 5 35
8 5 36
8 5 37
8 5 38
8 5 39
8 5 40
vessel4's berth allocation
0 30
0 31
0 32
0 33
0 34
0 35
0 36
0 37
0 38
0 39
0 40
0 41
==========================5===========================
vessel5's yard assignment
4 6 40
4 6 41
4 6 42
4 6 43
4 6 44
4 6 45
4 6 46
4 6 47
6 2 49
6 2 50
6 2 51
6 2 52
6 2 53
6 2 54
vessel5's berth allocation
1 40
1 41
1 42
1 43
1 44
1 45
1 46
1 47
1 48
1 49
1 50
1 51
1 52
1 53
1 54
1 55
==========================6===========================
vessel6's yard assignment
0 5 54
0 5 55
0 5 56
0 5 57
0 5 58
0 5 59
0 5 60
0 5 61
1 1 49
1 1 50
1 1 51
vessel6's berth allocation
2 49
2 50
2 51
2 52
2 53
2 54
2 55
2 56
2 57
2 58
2 59
2 60
2 61
2 62
==========================7===========================
vessel7's yard assignment
1 3 58
1 3 59
1 3 60
1 3 61
7 6 64
7 6 65
7 6 66
7 6 67
7 6 68
7 6 69
7 6 70
vessel7's berth allocation
1 58
1 59
1 60
1 61
1 62
1 63
1 64
1 65
1 66
1 67
1 68
1 69
1 70
1 71
==========================8===========================
vessel8's yard assignment
5 3 63
5 3 64
5 3 65
5 3 75
5 3 76
8 1 67
8 1 68
8 1 69
8 1 70
vessel8's berth allocation
2 63
2 64
2 65
2 66
2 67
2 68
2 69
2 70
2 71
2 72
2 73
2 74
2 75
2 76
2 77
==========================9===========================
vessel9's yard assignment
1 3 79
1 3 80
1 3 81
1 3 82
1 3 83
1 3 84
1 3 85
3 5 66
3 5 67
3 5 68
3 5 69
3 5 70
7 6 72
7 6 73
7 6 74
7 6 75
7 6 76
7 6 77
vessel9's berth allocation
0 66
0 67
0 68
0 69
0 70
0 71
0 72
0 73
0 74
0 75
0 76
0 77
0 78
0 79
0 80
0 81
0 82
0 83
0 84
0 85
0 86
==========================10===========================
vessel10's yard assignment
1 1 79
1 1 80
1 1 81
1 1 82
1 1 83
1 1 84
6 2 72
6 2 73
6 2 74
6 2 75
6 2 76
6 2 77
vessel10's berth allocation
1 72
1 73
1 74
1 75
1 76
1 77
1 78
1 79
1 80
1 81
1 82
1 83
1 84
1 85
==========================11===========================
vessel11's yard assignment
2 2 84
2 2 85
2 2 86
2 2 87
2 2 88
2 2 89
2 2 90
7 6 79
7 6 80
7 6 81
7 6 92
7 6 93
vessel11's berth allocation
2 79
2 80
2 81
2 82
2 83
2 84
2 85
2 86
2 87
2 88
2 89
2 90
2 91
2 92
2 93
2 94
==========================12===========================
vessel12's yard assignment
1 3 102
1 3 103
1 3 104
1 3 105
2 2 94
2 2 95
2 2 96
2 2 97
2 2 98
2 2 99
2 2 100
3 5 86
3 5 87
3 5 88
3 5 89
3 5 90
3 5 91
3 5 92
vessel12's berth allocation
1 86
1 87
1 88
1 89
1 90
1 91
1 92
1 93
1 94
1 95
1 96
1 97
1 98
1 99
1 100
1 101
1 102
1 103
1 104
1 105
1 106
==========================13===========================
vessel13's yard assignment
6 0 93
6 0 94
6 0 95
6 0 96
6 0 97
6 0 98
6 0 99
8 1 87
8 1 88
8 1 89
8 1 90
8 1 91
vessel13's berth allocation
0 87
0 88
0 89
0 90
0 91
0 92
0 93
0 94
0 95
0 96
0 97
0 98
0 99
0 100
==========================14===========================
vessel14's yard assignment
0 6 101
0 6 102
0 6 103
0 6 104
5 3 95
5 3 96
5 3 97
5 3 98
5 3 99
vessel14's berth allocation
2 95
2 96
2 97
2 98
2 99
2 100
2 101
2 102
2 103
2 104
2 105
==========================15===========================
vessel15's yard assignment
4 6 117
4 6 118
4 6 119
4 6 120
4 6 121
4 6 122
7 3 108
7 3 109
7 3 110
7 3 111
7 3 112
7 3 113
7 3 114
7 3 115
vessel15's berth allocation
0 108
0 109
0 110
0 111
0 112
0 113
0 114
0 115
0 116
0 117
0 118
0 119
0 120
0 121
0 122
0 123