遍历了所有节点
Opt val 1180650
overall runtime 1933.5706996
root LS time: 12.315611700000002
root Cplex time 433.9188502
root UB 1180650
root LB 1173650
IterNum 345
root ColumnNum 139
root Time 447.1414512
Node Num total 5
==========================1===========================
vessel1's yard assignment
6 0 8
6 0 9
6 0 10
8 5 4
8 5 5
8 5 6
vessel1's berth allocation
0 4
0 5
0 6
0 7
0 8
0 9
0 10
0 11
==========================2===========================
vessel2's yard assignment
3 3 11
3 3 12
3 3 13
3 3 14
3 3 15
7 3 6
7 3 7
7 3 8
7 3 9
vessel2's berth allocation
1 6
1 7
1 8
1 9
1 10
1 11
1 12
1 13
1 14
1 15
1 16
==========================3===========================
vessel3's yard assignment
2 6 9
2 6 10
2 6 11
2 6 12
3 5 14
3 5 15
3 5 16
vessel3's berth allocation
2 9
2 10
2 11
2 12
2 13
2 14
2 15
2 16
2 17
==========================4===========================
vessel4's yard assignment
5 6 17
5 6 18
5 6 19
5 6 20
5 6 21
7 3 24
7 3 25
7 3 26
7 3 27
7 3 28
7 3 29
vessel4's berth allocation
1 17
1 18
1 19
1 20
1 21
1 22
1 23
1 24
1 25
1 26
1 27
1 28
1 29
1 30
==========================5===========================
vessel5's yard assignment
0 5 25
0 5 26
0 5 27
0 5 28
0 5 29
0 5 30
0 5 31
7 6 33
7 6 34
7 6 35
vessel5's berth allocation
0 25
0 26
0 27
0 28
0 29
0 30
0 31
0 32
0 33
0 34
0 35
0 36
==========================6===========================
vessel6's yard assignment
1 1 38
1 1 39
1 1 40
1 1 41
1 1 42
4 0 29
4 0 30
4 0 31
8 1 33
8 1 34
8 1 35
8 1 36
vessel6's berth allocation
2 29
2 30
2 31
2 32
2 33
2 34
2 35
2 36
2 37
2 38
2 39
2 40
2 41
2 42
2 43
==========================7===========================
vessel7's yard assignment
3 5 39
3 5 40
3 5 41
3 5 42
3 5 43
3 5 44
5 5 35
5 5 36
5 5 37
vessel7's berth allocation
1 35
1 36
1 37
1 38
1 39
1 40
1 41
1 42
1 43
1 44
1 45
==========================8===========================
vessel8's yard assignment
2 2 51
2 2 52
2 2 53
2 2 54
2 2 55
6 0 45
6 0 46
6 0 47
6 0 48
6 0 49
7 3 38
7 3 39
7 3 40
7 3 41
7 3 42
7 3 43
vessel8's berth allocation
0 38
0 39
0 40
0 41
0 42
0 43
0 44
0 45
0 46
0 47
0 48
0 49
0 50
0 51
0 52
0 53
0 54
0 55
0 56
==========================9===========================
vessel9's yard assignment
1 5 54
1 5 55
1 5 56
1 5 57
1 5 58
1 5 59
1 5 69
1 5 70
1 5 71
3 3 61
3 3 62
3 3 63
3 3 64
3 3 65
3 3 66
3 3 67
3 3 75
3 3 76
vessel9's berth allocation
1 53
1 54
1 55
1 56
1 57
1 58
1 59
1 60
1 61
1 62
1 63
1 64
1 65
1 66
1 67
1 68
1 69
1 70
1 71
1 72
1 73
1 74
1 75
1 76
1 77
==========================10===========================
vessel10's yard assignment
2 2 73
2 2 74
2 2 75
3 5 65
3 5 66
3 5 67
5 6 69
5 6 70
5 6 71
vessel10's berth allocation
2 65
2 66
2 67
2 68
2 69
2 70
2 71
2 72
2 73
2 74
2 75
2 76
==========================11===========================
vessel11's yard assignment
1 1 86
1 1 87
1 1 88
1 1 89
1 1 90
5 6 74
5 6 75
5 6 76
5 6 77
5 6 78
5 6 79
5 6 80
8 5 82
8 5 83
8 5 84
vessel11's berth allocation
0 74
0 75
0 76
0 77
0 78
0 79
0 80
0 81
0 82
0 83
0 84
0 85
0 86
0 87
0 88
0 89
0 90
0 91
==========================12===========================
vessel12's yard assignment
5 3 78
5 3 79
5 3 80
5 3 81
5 3 82
5 3 83
5 3 84
5 3 85
5 3 86
6 0 88
6 0 89
6 0 90
6 0 91
6 0 92
6 0 93
6 0 94
vessel12's berth allocation
1 78
1 79
1 80
1 81
1 82
1 83
1 84
1 85
1 86
1 87
1 88
1 89
1 90
1 91
1 92
1 93
1 94
1 95
==========================13===========================
vessel13's yard assignment
5 5 90
5 5 91
5 5 92
5 5 93
5 5 94
5 5 95
6 2 84
6 2 85
6 2 86
6 2 87
6 2 88
vessel13's berth allocation
2 84
2 85
2 86
2 87
2 88
2 89
2 90
2 91
2 92
2 93
2 94
2 95
2 96
==========================14===========================
vessel14's yard assignment
1 3 107
1 3 108
1 3 109
1 3 110
2 6 92
2 6 93
2 6 94
2 6 95
2 6 96
2 6 97
2 6 98
4 0 100
4 0 101
4 0 102
4 0 103
4 0 104
4 0 105
vessel14's berth allocation
0 92
0 93
0 94
0 95
0 96
0 97
0 98
0 99
0 100
0 101
0 102
0 103
0 104
0 105
0 106
0 107
0 108
0 109
0 110
0 111
==========================15===========================
vessel15's yard assignment
0 1 107
0 1 108
0 1 109
0 1 110
5 3 104
5 3 105
5 3 112
5 3 113
vessel15's berth allocation
2 104
2 105
2 106
2 107
2 108
2 109
2 110
2 111
2 112
2 113
2 114