Opt val 1123010
overall runtime 897.7837584
root LS time: 8.319657099999995
root Cplex time 188.40874190000005
root UB 1123010
root LB 1118905
IterNum 255
root ColumnNum 155
root Time 197.4024283
Node Num total 7
==========================1===========================
vessel1's yard assignment
1 1 9
1 1 10
1 1 11
1 1 12
1 1 13
1 1 14
4 6 16
4 6 17
4 6 18
4 6 19
4 6 20
4 6 21
vessel1's berth allocation
2 9
2 10
2 11
2 12
2 13
2 14
2 15
2 16
2 17
2 18
2 19
2 20
2 21
2 22
==========================2===========================
vessel2's yard assignment
2 2 20
2 2 21
2 2 22
2 2 23
2 2 24
3 3 10
3 3 11
3 3 12
3 3 13
3 3 14
3 3 15
3 3 16
3 3 17
3 3 18
vessel2's berth allocation
1 10
1 11
1 12
1 13
1 14
1 15
1 16
1 17
1 18
1 19
1 20
1 21
1 22
1 23
1 24
1 25
==========================3===========================
vessel3's yard assignment
4 0 18
4 0 19
4 0 20
4 0 21
4 0 22
4 0 23
5 5 13
5 5 14
5 5 15
5 5 16
vessel3's berth allocation
0 13
0 14
0 15
0 16
0 17
0 18
0 19
0 20
0 21
0 22
0 23
0 24
==========================4===========================
vessel4's yard assignment
3 5 34
3 5 35
3 5 36
3 5 37
3 5 38
6 2 28
6 2 29
6 2 30
6 2 31
6 2 32
vessel4's berth allocation
0 28
0 29
0 30
0 31
0 32
0 33
0 34
0 35
0 36
0 37
0 38
0 39
==========================5===========================
vessel5's yard assignment
2 4 41
2 4 42
2 4 43
2 4 44
2 4 45
4 0 32
4 0 33
4 0 34
7 3 36
7 3 37
7 3 38
7 3 39
vessel5's berth allocation
2 32
2 33
2 34
2 35
2 36
2 37
2 38
2 39
2 40
2 41
2 42
2 43
2 44
2 45
2 46
==========================6===========================
vessel6's yard assignment
1 1 37
1 1 38
1 1 39
5 6 33
5 6 34
5 6 35
5 6 41
vessel6's berth allocation
1 33
1 34
1 35
1 36
1 37
1 38
1 39
1 40
1 41
1 42
==========================7===========================
vessel7's yard assignment
3 5 41
3 5 42
3 5 43
3 5 44
3 5 45
3 5 46
3 5 47
3 5 48
3 5 49
6 2 51
6 2 52
6 2 53
6 2 54
6 2 55
6 2 56
6 2 57
6 2 58
6 2 59
vessel7's berth allocation
0 41
0 42
0 43
0 44
0 45
0 46
0 47
0 48
0 49
0 50
0 51
0 52
0 53
0 54
0 55
0 56
0 57
0 58
0 59
0 60
==========================8===========================
vessel8's yard assignment
2 4 52
2 4 53
2 4 54
2 4 55
4 0 57
4 0 58
4 0 59
vessel8's berth allocation
2 52
2 53
2 54
2 55
2 56
2 57
2 58
2 59
2 60
==========================9===========================
vessel9's yard assignment
0 5 63
0 5 64
0 5 65
0 5 66
0 5 67
0 5 68
0 5 69
0 5 70
0 5 71
1 1 77
1 1 78
1 1 79
1 1 80
1 1 81
4 0 61
4 0 74
4 0 75
vessel9's berth allocation
1 61
1 62
1 63
1 64
1 65
1 66
1 67
1 68
1 69
1 70
1 71
1 72
1 73
1 74
1 75
1 76
1 77
1 78
1 79
1 80
1 81
1 82
==========================10===========================
vessel10's yard assignment
2 2 70
2 2 71
2 2 72
2 2 73
2 2 74
2 2 75
2 2 76
6 0 78
6 0 79
6 0 80
7 3 82
7 3 83
7 3 84
vessel10's berth allocation
2 70
2 71
2 72
2 73
2 74
2 75
2 76
2 77
2 78
2 79
2 80
2 81
2 82
2 83
2 84
2 85
==========================11===========================
vessel11's yard assignment
0 6 73
0 6 74
0 6 75
0 6 76
0 6 77
0 6 78
0 6 79
0 6 80
0 6 81
1 1 83
1 1 84
1 1 85
1 1 86
1 1 87
1 1 88
1 1 89
1 1 90
1 1 91
vessel11's berth allocation
0 73
0 74
0 75
0 76
0 77
0 78
0 79
0 80
0 81
0 82
0 83
0 84
0 85
0 86
0 87
0 88
0 89
0 90
0 91
0 92
==========================12===========================
vessel12's yard assignment
0 6 98
0 6 99
0 6 100
6 0 88
6 0 89
6 0 90
6 0 91
6 0 92
6 0 93
6 0 94
6 0 95
6 0 96
8 1 102
8 1 103
8 1 104
8 1 105
8 1 106
8 1 107
vessel12's berth allocation
2 88
2 89
2 90
2 91
2 92
2 93
2 94
2 95
2 96
2 97
2 98
2 99
2 100
2 101
2 102
2 103
2 104
2 105
2 106
2 107
2 108
==========================13===========================
vessel13's yard assignment
1 3 98
1 3 99
1 3 100
1 3 101
1 3 102
1 3 103
1 3 104
1 3 105
1 3 106
8 5 89
8 5 90
8 5 91
8 5 92
8 5 93
8 5 94
8 5 95
8 5 96
vessel13's berth allocation
1 89
1 90
1 91
1 92
1 93
1 94
1 95
1 96
1 97
1 98
1 99
1 100
1 101
1 102
1 103
1 104
1 105
1 106
1 107
==========================14===========================
vessel14's yard assignment
0 5 122
0 5 123
0 5 124
0 5 125
0 5 126
0 5 127
5 6 106
5 6 116
5 6 117
5 6 118
5 6 119
5 6 120
7 3 108
7 3 109
7 3 110
7 3 111
7 3 112
7 3 113
7 3 114
vessel14's berth allocation
0 106
0 107
0 108
0 109
0 110
0 111
0 112
0 113
0 114
0 115
0 116
0 117
0 118
0 119
0 120
0 121
0 122
0 123
0 124
0 125
0 126
0 127
0 128
==========================15===========================
vessel15's yard assignment
0 6 122
0 6 123
0 6 124
8 5 120
8 5 129
8 5 130
vessel15's berth allocation
1 120
1 121
1 122
1 123
1 124
1 125
1 126
1 127
1 128
1 129
1 130
1 131
