Opt val 681630
overall runtime 119.4907827
root LS time: 5.755153800000001
root Cplex time 113.28060309999998
root UB 681630
root LB 681630
IterNum 96
root ColumnNum 67
root Time 119.3584173
Node Num total 1
==========================1===========================
vessel1's yard assignment
0 5 13
0 5 14
0 5 15
0 5 16
0 5 17
0 5 18
6 2 20
6 2 21
6 2 22
vessel1's berth allocation
0 13
0 14
0 15
0 16
0 17
0 18
0 19
0 20
0 21
0 22
0 23
==========================2===========================
vessel2's yard assignment
1 1 15
1 1 16
1 1 17
1 1 18
1 1 19
1 1 20
3 3 24
3 3 25
3 3 26
3 3 27
3 3 28
3 3 29
3 3 30
5 6 32
5 6 33
5 6 34
5 6 35
vessel2's berth allocation
1 15
1 16
1 17
1 18
1 19
1 20
1 21
1 22
1 23
1 24
1 25
1 26
1 27
1 28
1 29
1 30
1 31
1 32
1 33
1 34
1 35
1 36
==========================3===========================
vessel3's yard assignment
0 5 27
0 5 28
0 5 29
4 0 21
4 0 22
4 0 23
4 0 24
4 0 25
8 5 31
8 5 32
8 5 33
8 5 34
8 5 35
8 5 36
vessel3's berth allocation
2 21
2 22
2 23
2 24
2 25
2 26
2 27
2 28
2 29
2 30
2 31
2 32
2 33
2 34
2 35
2 36
2 37
==========================4===========================
vessel4's yard assignment
0 1 47
0 1 48
0 1 49
0 1 50
0 1 51
3 3 41
3 3 42
3 3 43
3 3 44
3 3 45
vessel4's berth allocation
1 41
1 42
1 43
1 44
1 45
1 46
1 47
1 48
1 49
1 50
1 51
1 52
==========================5===========================
vessel5's yard assignment
2 2 54
2 2 55
2 2 56
2 2 57
2 2 58
2 2 59
2 2 60
7 6 50
7 6 51
7 6 52
8 5 45
8 5 46
8 5 47
8 5 48
vessel5's berth allocation
0 45
0 46
0 47
0 48
0 49
0 50
0 51
0 52
0 53
0 54
0 55
0 56
0 57
0 58
0 59
0 60
0 61
==========================6===========================
vessel6's yard assignment
1 5 54
1 5 55
1 5 56
1 5 57
1 5 58
1 5 59
1 5 60
1 5 61
1 5 62
7 6 64
7 6 65
7 6 66
7 6 67
7 6 68
7 6 69
7 6 70
7 6 71
7 6 72
vessel6's berth allocation
1 53
1 54
1 55
1 56
1 57
1 58
1 59
1 60
1 61
1 62
1 63
1 64
1 65
1 66
1 67
1 68
1 69
1 70
1 71
1 72
1 73
==========================7===========================
vessel7's yard assignment
3 5 65
3 5 66
3 5 67
3 5 68
3 5 69
3 5 70
3 5 71
4 0 74
4 0 75
4 0 76
4 0 77
4 0 78
5 3 58
5 3 59
5 3 60
5 3 61
5 3 62
5 3 63
vessel7's berth allocation
2 58
2 59
2 60
2 61
2 62
2 63
2 64
2 65
2 66
2 67
2 68
2 69
2 70
2 71
2 72
2 73
2 74
2 75
2 76
2 77
2 78
2 79
==========================8===========================
vessel8's yard assignment
2 2 69
2 2 70
2 2 71
2 2 72
2 2 73
2 2 74
2 2 75
2 2 76
6 0 62
6 0 63
6 0 64
6 0 65
6 0 66
6 0 67
vessel8's berth allocation
0 62
0 63
0 64
0 65
0 66
0 67
0 68
0 69
0 70
0 71
0 72
0 73
0 74
0 75
0 76
0 77