Opt val 721970
overall runtime 608.1668414
root LS time: 11.379420600000005
root Cplex time 406.7111582999999
root UB 733550
root LB 721970
IterNum 192
root ColumnNum 107
root Time 418.8343407
Node Num total 2
==========================1===========================
vessel1's yard assignment
4 0 24
4 0 25
4 0 26
6 0 20
6 0 21
6 0 22
8 5 13
8 5 14
8 5 15
8 5 16
8 5 17
8 5 18
vessel1's berth allocation
1 13
1 14
1 15
1 16
1 17
1 18
1 19
1 20
1 21
1 22
1 23
1 24
1 25
1 26
1 27
==========================2===========================
vessel2's yard assignment
0 6 21
0 6 31
0 6 32
0 6 33
0 6 34
1 1 36
1 1 37
1 1 38
5 3 24
5 3 25
5 3 26
5 3 27
5 3 28
5 3 29
vessel2's berth allocation
0 21
0 22
0 23
0 24
0 25
0 26
0 27
0 28
0 29
0 30
0 31
0 32
0 33
0 34
0 35
0 36
0 37
0 38
0 39
==========================3===========================
vessel3's yard assignment
1 3 36
1 3 37
1 3 38
1 3 39
1 3 40
2 2 42
2 2 43
2 2 44
2 2 45
2 2 46
2 2 47
vessel3's berth allocation
2 36
2 37
2 38
2 39
2 40
2 41
2 42
2 43
2 44
2 45
2 46
2 47
2 48
==========================4===========================
vessel4's yard assignment
3 5 41
3 5 42
3 5 43
3 5 44
3 5 45
3 5 46
5 5 39
5 5 54
5 5 55
5 5 56
8 1 48
8 1 49
8 1 50
8 1 51
8 1 52
vessel4's berth allocation
1 39
1 40
1 41
1 42
1 43
1 44
1 45
1 46
1 47
1 48
1 49
1 50
1 51
1 52
1 53
1 54
1 55
1 56
1 57
==========================5===========================
vessel5's yard assignment
4 0 55
4 0 56
4 0 57
4 0 58
4 0 59
4 0 60
4 0 61
4 0 62
5 6 47
5 6 48
5 6 49
5 6 50
5 6 51
5 6 52
5 6 53
5 6 64
5 6 65
vessel5's berth allocation
0 47
0 48
0 49
0 50
0 51
0 52
0 53
0 54
0 55
0 56
0 57
0 58
0 59
0 60
0 61
0 62
0 63
0 64
0 65
0 66
==========================6===========================
vessel6's yard assignment
0 1 65
0 1 66
0 1 67
0 1 68
0 1 69
0 1 70
2 2 53
2 2 54
2 2 55
2 2 56
3 3 58
3 3 59
3 3 60
3 3 61
3 3 62
3 3 63
vessel6's berth allocation
2 53
2 54
2 55
2 56
2 57
2 58
2 59
2 60
2 61
2 62
2 63
2 64
2 65
2 66
2 67
2 68
2 69
2 70
2 71
==========================7===========================
vessel7's yard assignment
2 2 69
2 2 70
2 2 71
2 2 72
2 2 73
6 0 65
6 0 66
6 0 67
8 5 58
8 5 59
8 5 60
8 5 61
8 5 62
8 5 63
vessel7's berth allocation
1 58
1 59
1 60
1 61
1 62
1 63
1 64
1 65
1 66
1 67
1 68
1 69
1 70
1 71
1 72
1 73
1 74
==========================8===========================
vessel8's yard assignment
4 6 72
4 6 73
4 6 74
4 6 75
4 6 76
4 6 77
8 5 67
8 5 68
8 5 69
8 5 70
vessel8's berth allocation
0 67
0 68
0 69
0 70
0 71
0 72
0 73
0 74
0 75
0 76
0 77
0 78

