
Opt val 1030400
overall runtime 217.2071652
root LS time: 8.659634200000001
root Cplex time 207.85887319999992
root UB 1030400
root LB 1030200
IterNum 192
root ColumnNum 112
root Time 217.0521962
Node Num total 1
==========================1===========================
vessel1's yard assignment
0 5 3
0 5 4
0 5 5
0 5 6
0 5 7
6 2 19
6 2 20
6 2 21
6 2 22
7 3 9
7 3 10
7 3 11
7 3 12
7 3 13
7 3 14
7 3 15
7 3 16
7 3 17
vessel1's berth allocation
0 3
0 4
0 5
0 6
0 7
0 8
0 9
0 10
0 11
0 12
0 13
0 14
0 15
0 16
0 17
0 18
0 19
0 20
0 21
0 22
0 23
==========================2===========================
vessel2's yard assignment
1 3 24
1 3 25
1 3 26
1 3 27
1 3 28
8 5 11
8 5 12
8 5 13
8 5 14
8 5 15
8 5 16
8 5 17
8 5 18
8 5 19
vessel2's berth allocation
1 11
1 12
1 13
1 14
1 15
1 16
1 17
1 18
1 19
1 20
1 21
1 22
1 23
1 24
1 25
1 26
1 27
1 28
1 29
==========================3===========================
vessel3's yard assignment
2 6 15
2 6 16
2 6 17
2 6 18
2 6 19
2 6 20
6 0 22
6 0 23
6 0 24
6 0 25
6 0 26
8 1 28
8 1 29
8 1 30
8 1 31
8 1 32
8 1 33
8 1 34
8 1 35
vessel3's berth allocation
2 15
2 16
2 17
2 18
2 19
2 20
2 21
2 22
2 23
2 24
2 25
2 26
2 27
2 28
2 29
2 30
2 31
2 32
2 33
2 34
2 35
2 36
==========================4===========================
vessel4's yard assignment
3 5 36
3 5 37
3 5 38
3 5 39
3 5 40
3 5 41
7 6 28
7 6 29
7 6 30
7 6 31
7 6 32
7 6 33
7 6 34
7 6 43
vessel4's berth allocation
0 27
0 28
0 29
0 30
0 31
0 32
0 33
0 34
0 35
0 36
0 37
0 38
0 39
0 40
0 41
0 42
0 43
0 44
==========================5===========================
vessel5's yard assignment
4 6 47
4 6 48
4 6 49
4 6 50
4 6 51
4 6 52
4 6 53
6 0 43
6 0 44
6 0 45
6 0 55
6 0 56
6 0 57
7 3 35
7 3 36
7 3 37
7 3 38
7 3 39
7 3 40
7 3 41
vessel5's berth allocation
1 35
1 36
1 37
1 38
1 39
1 40
1 41
1 42
1 43
1 44
1 45
1 46
1 47
1 48
1 49
1 50
1 51
1 52
1 53
1 54
1 55
1 56
1 57
1 58
==========================6===========================
vessel6's yard assignment
5 5 43
5 5 44
5 5 54
5 5 55
5 5 56
5 5 57
5 5 58
8 1 46
8 1 47
8 1 48
8 1 49
8 1 50
8 1 51
8 1 52
vessel6's berth allocation
2 43
2 44
2 45
2 46
2 47
2 48
2 49
2 50
2 51
2 52
2 53
2 54
2 55
2 56
2 57
2 58
2 59
==========================7===========================
vessel7's yard assignment
0 5 60
0 5 61
0 5 62
0 5 63
3 5 65
3 5 66
3 5 67
3 5 68
6 2 51
6 2 52
6 2 53
6 2 54
6 2 55
6 2 56
6 2 57
6 2 58
vessel7's berth allocation
0 51
0 52
0 53
0 54
0 55
0 56
0 57
0 58
0 59
0 60
0 61
0 62
0 63
0 64
0 65
0 66
0 67
0 68
0 69
==========================8===========================
vessel8's yard assignment
1 3 59
1 3 60
1 3 61
1 3 62
1 3 63
7 6 65
7 6 66
7 6 67
7 6 68
7 6 69
7 6 70
7 6 71
7 6 72
7 6 73
vessel8's berth allocation
1 59
1 60
1 61
1 62
1 63
1 64
1 65
1 66
1 67
1 68
1 69
1 70
1 71
1 72
1 73
1 74
==========================9===========================
vessel9's yard assignment
2 2 70
2 2 71
2 2 72
2 2 73
4 0 67
4 0 68
4 0 75
4 0 76
4 0 77
8 1 79
8 1 80
8 1 81
8 1 82
8 1 83
8 1 84
8 1 85
vessel9's berth allocation
2 67
2 68
2 69
2 70
2 71
2 72
2 73
2 74
2 75
2 76
2 77
2 78
2 79
2 80
2 81
2 82
2 83
2 84
2 85
2 86
==========================10===========================
vessel10's yard assignment
0 6 75
0 6 76
0 6 77
0 6 78
0 6 79
0 6 80
3 3 82
3 3 83
3 3 84
3 3 85
3 3 86
3 3 87
3 3 88
3 3 89
vessel10's berth allocation
1 75
1 76
1 77
1 78
1 79
1 80
1 81
1 82
1 83
1 84
1 85
1 86
1 87
1 88
1 89
1 90
==========================11===========================
vessel11's yard assignment
1 5 83
1 5 84
1 5 85
1 5 86
2 6 95
2 6 96
2 6 97
2 6 98
2 6 99
2 6 100
5 5 88
5 5 89
5 5 90
5 5 91
5 5 92
5 5 93
vessel11's berth allocation
0 83
0 84
0 85
0 86
0 87
0 88
0 89
0 90
0 91
0 92
0 93
0 94
0 95
0 96
0 97
0 98
0 99
0 100
0 101
==========================12===========================
vessel12's yard assignment
4 0 94
4 0 95
4 0 96
4 0 97
4 0 98
4 0 99
4 0 100
5 3 102
5 3 103
5 3 104
5 3 105
5 3 106
5 3 107
5 3 108
vessel12's berth allocation
2 94
2 95
2 96
2 97
2 98
2 99
2 100
2 101
2 102
2 103
2 104
2 105
2 106
2 107
2 108
2 109