Opt val 816500
overall runtime 637.4212153
root LS time: 8.946697899999997
root Cplex time 131.40768469999995
root UB 822900
root LB 813860
IterNum 276
root ColumnNum 141
root Time 141.0201848
Node Num total 6
==========================1===========================
vessel1's yard assignment
2 6 10
2 6 11
2 6 12
2 6 13
2 6 14
4 0 6
4 0 7
4 0 8
vessel1's berth allocation
0 6
0 7
0 8
0 9
0 10
0 11
0 12
0 13
0 14
0 15
==========================2===========================
vessel2's yard assignment
1 5 12
1 5 13
1 5 14
1 5 15
1 5 16
1 5 17
2 2 19
2 2 20
2 2 21
vessel2's berth allocation
2 12
2 13
2 14
2 15
2 16
2 17
2 18
2 19
2 20
2 21
2 22
==========================3===========================
vessel3's yard assignment
0 6 17
0 6 18
0 6 19
0 6 20
0 6 21
5 5 25
5 5 26
5 5 27
5 5 28
5 5 29
5 5 30
5 5 31
5 5 32
8 1 34
8 1 35
8 1 36
8 1 37
vessel3's berth allocation
0 17
0 18
0 19
0 20
0 21
0 22
0 23
0 24
0 25
0 26
0 27
0 28
0 29
0 30
0 31
0 32
0 33
0 34
0 35
0 36
0 37
0 38
==========================4===========================
vessel4's yard assignment
2 2 24
2 2 25
2 2 26
3 3 28
3 3 29
3 3 30
3 3 34
3 3 35
4 0 20
4 0 21
4 0 22
4 0 32
vessel4's berth allocation
1 20
1 21
1 22
1 23
1 24
1 25
1 26
1 27
1 28
1 29
1 30
1 31
1 32
1 33
1 34
1 35
1 36
==========================5===========================
vessel5's yard assignment
1 1 28
1 1 29
1 1 30
5 3 24
5 3 25
5 3 26
vessel5's berth allocation
2 24
2 25
2 26
2 27
2 28
2 29
2 30
2 31
==========================6===========================
vessel6's yard assignment
0 6 31
0 6 32
0 6 33
3 5 35
3 5 36
3 5 37
3 5 38
3 5 39
7 6 41
7 6 42
7 6 43
7 6 44
7 6 45
7 6 46
7 6 47
7 6 48
vessel6's berth allocation
3 31
3 32
3 33
3 34
3 35
3 36
3 37
3 38
3 39
3 40
3 41
3 42
3 43
3 44
3 45
3 46
3 47
3 48
3 49
==========================7===========================
vessel7's yard assignment
3 3 38
3 3 39
3 3 40
3 3 41
3 3 42
3 3 43
5 5 45
5 5 46
5 5 47
vessel7's berth allocation
1 38
1 39
1 40
1 41
1 42
1 43
1 44
1 45
1 46
1 47
1 48
==========================8===========================
vessel8's yard assignment
6 2 52
6 2 53
6 2 54
6 2 55
6 2 56
6 2 57
6 2 58
6 2 59
6 2 60
8 1 43
8 1 44
8 1 45
8 1 46
8 1 47
8 1 48
8 1 49
8 1 50
8 1 62
vessel8's berth allocation
0 43
0 44
0 45
0 46
0 47
0 48
0 49
0 50
0 51
0 52
0 53
0 54
0 55
0 56
0 57
0 58
0 59
0 60
0 61
0 62
0 63
==========================9===========================
vessel9's yard assignment
0 5 55
0 5 56
0 5 57
0 5 58
0 5 59
0 5 60
4 6 50
4 6 51
4 6 52
4 6 53
vessel9's berth allocation
3 50
3 51
3 52
3 53
3 54
3 55
3 56
3 57
3 58
3 59
3 60
3 61
==========================10===========================
vessel10's yard assignment
0 5 62
0 5 63
0 5 64
2 4 52
2 4 53
2 4 54
6 0 57
6 0 58
6 0 59
6 0 60
vessel10's berth allocation
1 52
1 53
1 54
1 55
1 56
1 57
1 58
1 59
1 60
1 61
1 62
1 63
1 64
1 65
==========================11===========================
vessel11's yard assignment
1 3 57
1 3 58
1 3 59
1 3 60
7 3 62
7 3 63
7 3 64
7 3 65
7 3 66
7 3 67
7 3 68
vessel11's berth allocation
2 57
2 58
2 59
2 60
2 61
2 62
2 63
2 64
2 65
2 66
2 67
2 68
2 69
==========================12===========================
vessel12's yard assignment
2 6 66
2 6 67
2 6 68
2 6 69
4 6 71
4 6 72
4 6 73
4 6 74
4 6 75
vessel12's berth allocation
0 66
0 67
0 68
0 69
0 70
0 71
0 72
0 73
0 74
0 75
0 76
==========================1===========================
vessel1's yard assignment
2 6 10
2 6 11
2 6 12
2 6 13
2 6 14
4 0 6
4 0 7
4 0 8
vessel1's berth allocation
0 6
0 7
0 8
0 9
0 10
0 11
0 12
0 13
0 14
0 15
==========================2===========================
vessel2's yard assignment
1 5 12
1 5 13
1 5 14
1 5 15
1 5 16
1 5 17
2 2 19
2 2 20
2 2 21
vessel2's berth allocation
2 12
2 13
2 14
2 15
2 16
2 17
2 18
2 19
2 20
2 21
2 22
==========================3===========================
vessel3's yard assignment
0 6 17
0 6 18
0 6 19
0 6 20
0 6 21
5 5 25
5 5 26
5 5 27
5 5 28
5 5 29
5 5 30
5 5 31
5 5 32
8 1 34
8 1 35
8 1 36
8 1 37
vessel3's berth allocation
0 17
0 18
0 19
0 20
0 21
0 22
0 23
0 24
0 25
0 26
0 27
0 28
0 29
0 30
0 31
0 32
0 33
0 34
0 35
0 36
0 37
0 38
==========================4===========================
vessel4's yard assignment
2 2 24
2 2 25
2 2 26
3 3 28
3 3 29
3 3 30
3 3 34
3 3 35
4 0 20
4 0 21
4 0 22
4 0 32
vessel4's berth allocation
1 20
1 21
1 22
1 23
1 24
1 25
1 26
1 27
1 28
1 29
1 30
1 31
1 32
1 33
1 34
1 35
1 36
==========================5===========================
vessel5's yard assignment
1 1 28
1 1 29
1 1 30
5 3 24
5 3 25
5 3 26
vessel5's berth allocation
2 24
2 25
2 26
2 27
2 28
2 29
2 30
2 31
==========================6===========================
vessel6's yard assignment
0 6 31
0 6 32
0 6 33
3 5 35
3 5 36
3 5 37
3 5 38
3 5 39
7 6 41
7 6 42
7 6 43
7 6 44
7 6 45
7 6 46
7 6 47
7 6 48
vessel6's berth allocation
3 31
3 32
3 33
3 34
3 35
3 36
3 37
3 38
3 39
3 40
3 41
3 42
3 43
3 44
3 45
3 46
3 47
3 48
3 49
==========================7===========================
vessel7's yard assignment
3 3 38
3 3 39
3 3 40
3 3 41
3 3 42
3 3 43
5 5 45
5 5 46
5 5 47
vessel7's berth allocation
1 38
1 39
1 40
1 41
1 42
1 43
1 44
1 45
1 46
1 47
1 48
==========================8===========================
vessel8's yard assignment
6 2 52
6 2 53
6 2 54
6 2 55
6 2 56
6 2 57
6 2 58
6 2 59
6 2 60
8 1 43
8 1 44
8 1 45
8 1 46
8 1 47
8 1 48
8 1 49
8 1 50
8 1 62
vessel8's berth allocation
0 43
0 44
0 45
0 46
0 47
0 48
0 49
0 50
0 51
0 52
0 53
0 54
0 55
0 56
0 57
0 58
0 59
0 60
0 61
0 62
0 63
==========================9===========================
vessel9's yard assignment
0 5 55
0 5 56
0 5 57
0 5 58
0 5 59
0 5 60
4 6 50
4 6 51
4 6 52
4 6 53
vessel9's berth allocation
3 50
3 51
3 52
3 53
3 54
3 55
3 56
3 57
3 58
3 59
3 60
3 61
==========================10===========================
vessel10's yard assignment
0 5 62
0 5 63
0 5 64
2 4 52
2 4 53
2 4 54
6 0 57
6 0 58
6 0 59
6 0 60
vessel10's berth allocation
1 52
1 53
1 54
1 55
1 56
1 57
1 58
1 59
1 60
1 61
1 62
1 63
1 64
1 65
==========================11===========================
vessel11's yard assignment
1 3 57
1 3 58
1 3 59
1 3 60
7 3 62
7 3 63
7 3 64
7 3 65
7 3 66
7 3 67
7 3 68
vessel11's berth allocation
2 57
2 58
2 59
2 60
2 61
2 62
2 63
2 64
2 65
2 66
2 67
2 68
2 69
==========================12===========================
vessel12's yard assignment
2 6 66
2 6 67
2 6 68
2 6 69
4 6 71
4 6 72
4 6 73
4 6 74
4 6 75
vessel12's berth allocation
0 66
0 67
0 68
0 69
0 70
0 71
0 72
0 73
0 74
0 75
0 76