Opt val 943200
overall runtime 123.5421904
root LS time: 8.0974463
root Cplex time 113.34916819999998
root UB 943200
root LB 943200
IterNum 264
root ColumnNum 180
root Time 122.1945116
Node Num total 1
==========================1===========================
vessel1's yard assignment
3 5 8
3 5 9
3 5 10
3 5 11
3 5 12
8 5 14
8 5 15
8 5 16
8 5 17
8 5 18
8 5 19
vessel1's berth allocation
1 8
1 9
1 10
1 11
1 12
1 13
1 14
1 15
1 16
1 17
1 18
1 19
1 20
==========================2===========================
vessel2's yard assignment
2 2 21
2 2 22
2 2 23
5 6 17
5 6 18
5 6 19
vessel2's berth allocation
0 17
0 18
0 19
0 20
0 21
0 22
0 23
0 24
==========================3===========================
vessel3's yard assignment
1 5 27
1 5 28
1 5 29
1 5 30
6 0 22
6 0 23
6 0 24
6 0 25
vessel3's berth allocation
2 22
2 23
2 24
2 25
2 26
2 27
2 28
2 29
2 30
2 31
==========================4===========================
vessel4's yard assignment
4 4 24
4 4 25
4 4 26
4 4 27
4 4 28
4 4 29
6 0 31
6 0 32
6 0 33
6 0 34
6 0 35
7 3 37
7 3 38
7 3 39
7 3 40
7 3 41
vessel4's berth allocation
3 24
3 25
3 26
3 27
3 28
3 29
3 30
3 31
3 32
3 33
3 34
3 35
3 36
3 37
3 38
3 39
3 40
3 41
3 42
==========================5===========================
vessel5's yard assignment
1 5 36
1 5 37
1 5 38
1 5 39
1 5 40
2 2 29
2 2 30
2 2 31
2 2 32
2 2 33
2 2 34
5 5 42
5 5 43
5 5 44
5 5 45
5 5 46
5 5 47
5 5 48
vessel5's berth allocation
0 29
0 30
0 31
0 32
0 33
0 34
0 35
0 36
0 37
0 38
0 39
0 40
0 41
0 42
0 43
0 44
0 45
0 46
0 47
0 48
0 49
==========================6===========================
vessel6's yard assignment
0 6 30
0 6 31
0 6 32
0 6 33
0 6 34
0 6 35
4 4 40
4 4 41
4 4 42
4 4 43
4 4 44
4 4 45
4 4 46
4 4 47
vessel6's berth allocation
1 30
1 31
1 32
1 33
1 34
1 35
1 36
1 37
1 38
1 39
1 40
1 41
1 42
1 43
1 44
1 45
1 46
1 47
1 48
==========================7===========================
vessel7's yard assignment
0 1 36
0 1 37
0 1 38
0 1 39
0 1 40
0 1 41
0 1 42
7 6 44
7 6 45
7 6 46
7 6 47
7 6 48
7 6 49
7 6 50
7 6 51
7 6 52
vessel7's berth allocation
2 36
2 37
2 38
2 39
2 40
2 41
2 42
2 43
2 44
2 45
2 46
2 47
2 48
2 49
2 50
2 51
2 52
2 53
==========================8===========================
vessel8's yard assignment
2 2 48
2 2 49
2 2 50
3 3 60
3 3 61
3 3 62
3 3 63
3 3 64
4 4 52
4 4 53
4 4 54
4 4 55
4 4 56
4 4 57
4 4 58
vessel8's berth allocation
3 48
3 49
3 50
3 51
3 52
3 53
3 54
3 55
3 56
3 57
3 58
3 59
3 60
3 61
3 62
3 63
3 64
3 65
==========================9===========================
vessel9's yard assignment
0 1 50
0 1 51
0 1 52
0 1 62
0 1 63
0 1 64
6 2 54
6 2 55
6 2 56
6 2 57
6 2 58
6 2 59
6 2 60
vessel9's berth allocation
1 50
1 51
1 52
1 53
1 54
1 55
1 56
1 57
1 58
1 59
1 60
1 61
1 62
1 63
1 64
1 65
==========================10===========================
vessel10's yard assignment
0 5 59
0 5 60
0 5 61
0 5 62
0 5 63
0 5 64
0 5 65
3 5 54
3 5 55
3 5 56
3 5 57
7 6 67
7 6 68
7 6 69
7 6 70
7 6 71
7 6 72
vessel10's berth allocation
0 54
0 55
0 56
0 57
0 58
0 59
0 60
0 61
0 62
0 63
0 64
0 65
0 66
0 67
0 68
0 69
0 70
0 71
0 72
0 73
==========================11===========================
vessel11's yard assignment
4 0 63
4 0 64
4 0 65
4 0 74
4 0 75
4 0 76
8 5 67
8 5 68
8 5 69
8 5 70
8 5 71
vessel11's berth allocation
2 63
2 64
2 65
2 66
2 67
2 68
2 69
2 70
2 71
2 72
2 73
2 74
2 75
2 76
2 77
==========================12===========================
vessel12's yard assignment
1 5 82
1 5 83
1 5 84
1 5 85
4 6 74
4 6 75
4 6 76
4 6 77
4 6 78
4 6 79
4 6 80
8 5 87
8 5 88
8 5 89
8 5 90
8 5 91
8 5 92
8 5 93
8 5 94
vessel12's berth allocation
0 74
0 75
0 76
0 77
0 78
0 79
0 80
0 81
0 82
0 83
0 84
0 85
0 86
0 87
0 88
0 89
0 90
0 91
0 92
0 93
0 94
0 95