Opt val 1009749.9999999999
overall runtime 620.0978163
root LS time: 11.159049099999994
root Cplex time 295.99482289999986
root UB 1013750
root LB 1004234.375
IterNum 336
root ColumnNum 199
root Time 308.1832208
Node Num total 3
==========================1===========================
vessel1's yard assignment
2 6 9
2 6 10
2 6 11
2 6 12
2 6 13
4 6 15
4 6 16
4 6 17
4 6 18
4 6 19
4 6 20
4 6 21
7 3 6
7 3 7
7 3 24
7 3 25
vessel1's berth allocation
1 6
1 7
1 8
1 9
1 10
1 11
1 12
1 13
1 14
1 15
1 16
1 17
1 18
1 19
1 20
1 21
1 22
1 23
1 24
1 25
1 26
==========================2===========================
vessel2's yard assignment
5 5 9
5 5 10
5 5 11
5 5 12
5 5 13
5 5 14
5 5 15
5 5 16
6 2 18
6 2 19
6 2 20
6 2 21
6 2 22
6 2 23
6 2 24
vessel2's berth allocation
0 9
0 10
0 11
0 12
0 13
0 14
0 15
0 16
0 17
0 18
0 19
0 20
0 21
0 22
0 23
0 24
0 25
==========================3===========================
vessel3's yard assignment
2 4 24
2 4 25
2 4 26
2 4 27
5 3 14
5 3 15
5 3 16
5 3 17
5 3 18
vessel3's berth allocation
2 14
2 15
2 16
2 17
2 18
2 19
2 20
2 21
2 22
2 23
2 24
2 25
2 26
2 27
2 28
==========================4===========================
vessel4's yard assignment
3 5 26
3 5 27
3 5 28
3 5 29
3 5 30
6 0 19
6 0 20
6 0 21
6 0 22
6 0 23
6 0 24
7 6 32
7 6 33
7 6 34
7 6 35
vessel4's berth allocation
3 19
3 20
3 21
3 22
3 23
3 24
3 25
3 26
3 27
3 28
3 29
3 30
3 31
3 32
3 33
3 34
3 35
3 36
==========================5===========================
vessel5's yard assignment
0 5 35
0 5 36
0 5 37
0 5 38
4 0 28
4 0 29
4 0 30
4 0 31
4 0 32
4 0 33
8 1 40
8 1 41
8 1 42
8 1 43
8 1 44
8 1 45
8 1 46
vessel5's berth allocation
0 28
0 29
0 30
0 31
0 32
0 33
0 34
0 35
0 36
0 37
0 38
0 39
0 40
0 41
0 42
0 43
0 44
0 45
0 46
0 47
==========================6===========================
vessel6's yard assignment
7 3 36
7 3 37
7 3 38
7 3 39
7 3 40
7 3 41
8 1 31
8 1 32
8 1 33
8 1 34
vessel6's berth allocation
1 31
1 32
1 33
1 34
1 35
1 36
1 37
1 38
1 39
1 40
1 41
1 42
==========================7===========================
vessel7's yard assignment
0 1 48
0 1 49
0 1 50
0 1 51
0 1 52
3 5 42
3 5 43
3 5 44
3 5 45
3 5 46
3 5 54
vessel7's berth allocation
3 42
3 43
3 44
3 45
3 46
3 47
3 48
3 49
3 50
3 51
3 52
3 53
3 54
3 55
==========================8===========================
vessel8's yard assignment
7 6 44
7 6 45
7 6 46
7 6 51
7 6 52
7 6 53
8 5 48
8 5 49
8 5 56
8 5 57
8 5 58
8 5 59
8 5 60
vessel8's berth allocation
2 44
2 45
2 46
2 47
2 48
2 49
2 50
2 51
2 52
2 53
2 54
2 55
2 56
2 57
2 58
2 59
2 60
2 61
==========================9===========================
vessel9's yard assignment
2 2 46
2 2 47
2 2 48
2 2 49
6 2 51
6 2 52
6 2 53
6 2 54
6 2 55
vessel9's berth allocation
1 46
1 47
1 48
1 49
1 50
1 51
1 52
1 53
1 54
1 55
1 56
==========================10===========================
vessel10's yard assignment
2 2 70
2 2 71
2 2 72
2 2 73
2 2 74
2 2 75
2 2 76
4 0 62
4 0 63
4 0 64
4 0 65
4 0 66
4 0 67
4 0 68
6 0 55
6 0 56
6 0 57
6 0 58
6 0 59
6 0 60
vessel10's berth allocation
0 55
0 56
0 57
0 58
0 59
0 60
0 61
0 62
0 63
0 64
0 65
0 66
0 67
0 68
0 69
0 70
0 71
0 72
0 73
0 74
0 75
0 76
0 77
==========================11===========================
vessel11's yard assignment
3 3 75
3 3 76
3 3 77
3 3 78
4 4 59
4 4 60
4 4 61
4 4 62
4 4 63
4 4 64
5 5 66
5 5 67
5 5 68
5 5 69
5 5 70
5 5 71
vessel11's berth allocation
3 59
3 60
3 61
3 62
3 63
3 64
3 65
3 66
3 67
3 68
3 69
3 70
3 71
3 72
3 73
3 74
3 75
3 76
3 77
3 78
3 79
==========================12===========================
vessel12's yard assignment
0 6 71
0 6 72
0 6 73
0 6 74
0 6 75
0 6 76
0 6 77
0 6 78
3 3 80
3 3 81
3 3 82
3 3 83
3 3 84
vessel12's berth allocation
2 71
2 72
2 73
2 74
2 75
2 76
2 77
2 78
2 79
2 80
2 81
2 82
2 83
2 84
2 85