Opt val 873150
overall runtime 138.7069446
root LS time: 8.375700199999997
root Cplex time 128.65548049999992
root UB 873150
root LB 872737.5
IterNum 300
root ColumnNum 202
root Time 137.8792344
Node Num total 1
==========================1===========================
vessel1's yard assignment
5 5 25
5 5 26
5 5 27
5 5 28
5 5 29
5 5 30
5 5 31
5 5 32
5 5 33
8 1 15
8 1 16
8 1 17
8 1 18
8 1 19
8 1 20
8 1 35
8 1 36
8 1 37
vessel1's berth allocation
2 15
2 16
2 17
2 18
2 19
2 20
2 21
2 22
2 23
2 24
2 25
2 26
2 27
2 28
2 29
2 30
2 31
2 32
2 33
2 34
2 35
2 36
2 37
2 38
==========================2===========================
vessel2's yard assignment
7 3 24
7 3 25
7 3 26
7 3 27
7 3 28
8 1 30
8 1 31
8 1 32
8 1 33
vessel2's berth allocation
0 24
0 25
0 26
0 27
0 28
0 29
0 30
0 31
0 32
0 33
0 34
==========================3===========================
vessel3's yard assignment
0 5 35
0 5 36
0 5 37
0 5 38
3 3 40
3 3 41
3 3 42
3 3 43
3 3 44
3 3 45
3 3 46
vessel3's berth allocation
1 35
1 36
1 37
1 38
1 39
1 40
1 41
1 42
1 43
1 44
1 45
1 46
1 47
==========================4===========================
vessel4's yard assignment
1 5 46
1 5 47
1 5 48
5 6 40
5 6 41
5 6 42
5 6 43
5 6 44
vessel4's berth allocation
0 40
0 41
0 42
0 43
0 44
0 45
0 46
0 47
0 48
0 49
==========================5===========================
vessel5's yard assignment
0 1 49
0 1 50
0 1 51
0 1 52
4 0 45
4 0 46
4 0 47
5 5 43
5 5 54
5 5 55
vessel5's berth allocation
3 43
3 44
3 45
3 46
3 47
3 48
3 49
3 50
3 51
3 52
3 53
3 54
3 55
3 56
==========================6===========================
vessel6's yard assignment
4 6 46
4 6 47
4 6 48
7 6 50
7 6 51
7 6 52
7 6 53
vessel6's berth allocation
2 46
2 47
2 48
2 49
2 50
2 51
2 52
2 53
2 54
==========================7===========================
vessel7's yard assignment
3 3 61
3 3 62
3 3 63
3 3 64
3 3 65
3 3 66
3 3 67
4 4 52
4 4 53
4 4 54
4 4 55
4 4 56
4 4 57
4 4 58
4 4 59
vessel7's berth allocation
1 52
1 53
1 54
1 55
1 56
1 57
1 58
1 59
1 60
1 61
1 62
1 63
1 64
1 65
1 66
1 67
1 68
==========================8===========================
vessel8's yard assignment
0 5 59
0 5 60
0 5 61
0 5 62
0 5 63
0 5 64
0 5 65
2 2 53
2 2 54
2 2 55
2 2 56
2 2 57
6 2 67
6 2 68
6 2 69
6 2 70
6 2 71
6 2 72
vessel8's berth allocation
0 53
0 54
0 55
0 56
0 57
0 58
0 59
0 60
0 61
0 62
0 63
0 64
0 65
0 66
0 67
0 68
0 69
0 70
0 71
0 72
0 73
==========================9===========================
vessel9's yard assignment
2 6 68
2 6 69
2 6 70
6 2 74
6 2 75
6 2 76
vessel9's berth allocation
3 68
3 69
3 70
3 71
3 72
3 73
3 74
3 75
3 76
3 77
==========================10===========================
vessel10's yard assignment
2 4 78
2 4 79
2 4 80
2 4 81
2 4 82
2 4 83
2 4 84
2 4 85
7 6 72
7 6 73
7 6 74
7 6 75
7 6 76
8 1 69
8 1 70
8 1 87
8 1 88
8 1 89
8 1 90
vessel10's berth allocation
1 69
1 70
1 71
1 72
1 73
1 74
1 75
1 76
1 77
1 78
1 79
1 80
1 81
1 82
1 83
1 84
1 85
1 86
1 87
1 88
1 89
1 90
1 91
==========================11===========================
vessel11's yard assignment
1 3 81
1 3 82
1 3 83
1 3 84
1 3 85
1 3 86
1 3 87
4 0 74
4 0 75
4 0 76
4 0 77
4 0 78
4 0 79
8 5 71
8 5 89
8 5 90
8 5 91
8 5 92
8 5 93
vessel11's berth allocation
2 71
2 72
2 73
2 74
2 75
2 76
2 77
2 78
2 79
2 80
2 81
2 82
2 83
2 84
2 85
2 86
2 87
2 88
2 89
2 90
2 91
2 92
2 93
2 94
==========================12===========================
vessel12's yard assignment
2 6 79
2 6 80
2 6 81
7 3 75
7 3 76
7 3 77
vessel12's berth allocation
0 75
0 76
0 77
0 78
0 79
0 80
0 81
0 82