Opt val 927320
overall runtime 192.5411176
root LS time: 9.326980099999997
root Cplex time 182.6430262
root UB 927320
root LB 926920
IterNum 204
root ColumnNum 101
root Time 192.4225906
Node Num total 1
==========================1===========================
vessel1's yard assignment
0 5 13
0 5 14
0 5 15
0 5 16
0 5 17
1 3 24
1 3 25
1 3 26
1 3 27
1 3 28
1 3 29
1 3 30
2 2 19
2 2 20
2 2 21
2 2 22
vessel1's berth allocation
2 13
2 14
2 15
2 16
2 17
2 18
2 19
2 20
2 21
2 22
2 23
2 24
2 25
2 26
2 27
2 28
2 29
2 30
2 31
==========================2===========================
vessel2's yard assignment
0 5 25
0 5 26
0 5 27
0 5 28
4 0 30
4 0 31
4 0 32
4 0 33
4 0 34
5 3 36
5 3 37
5 3 38
5 3 39
5 3 40
5 3 41
vessel2's berth allocation
1 25
1 26
1 27
1 28
1 29
1 30
1 31
1 32
1 33
1 34
1 35
1 36
1 37
1 38
1 39
1 40
1 41
1 42
==========================3===========================
vessel3's yard assignment
2 2 29
2 2 30
2 2 31
2 2 32
2 2 33
2 2 34
2 2 35
6 0 45
6 0 46
6 0 47
6 0 48
6 0 49
8 1 37
8 1 38
8 1 39
8 1 40
8 1 41
8 1 42
8 1 43
vessel3's berth allocation
3 29
3 30
3 31
3 32
3 33
3 34
3 35
3 36
3 37
3 38
3 39
3 40
3 41
3 42
3 43
3 44
3 45
3 46
3 47
3 48
3 49
3 50
==========================4===========================
vessel4's yard assignment
4 6 30
4 6 31
4 6 32
4 6 33
4 6 34
4 6 35
5 5 37
5 5 38
5 5 39
vessel4's berth allocation
0 30
0 31
0 32
0 33
0 34
0 35
0 36
0 37
0 38
0 39
0 40
==========================5===========================
vessel5's yard assignment
1 5 54
1 5 55
1 5 56
1 5 57
1 5 58
1 5 59
5 5 44
5 5 45
5 5 46
5 5 47
7 6 49
7 6 50
7 6 51
7 6 52
vessel5's berth allocation
1 44
1 45
1 46
1 47
1 48
1 49
1 50
1 51
1 52
1 53
1 54
1 55
1 56
1 57
1 58
1 59
1 60
==========================6===========================
vessel6's yard assignment
1 3 45
1 3 46
1 3 47
8 1 49
8 1 50
8 1 51
vessel6's berth allocation
0 45
0 46
0 47
0 48
0 49
0 50
0 51
0 52
==========================7===========================
vessel7's yard assignment
3 5 62
3 5 63
3 5 64
3 5 65
3 5 66
3 5 67
3 5 68
3 5 69
3 5 70
6 2 54
6 2 55
6 2 56
6 2 57
6 2 58
6 2 59
6 2 60
6 2 72
6 2 73
vessel7's berth allocation
2 54
2 55
2 56
2 57
2 58
2 59
2 60
2 61
2 62
2 63
2 64
2 65
2 66
2 67
2 68
2 69
2 70
2 71
2 72
2 73
2 74
==========================8===========================
vessel8's yard assignment
3 3 59
3 3 60
3 3 61
3 3 62
7 6 68
7 6 69
7 6 70
7 6 71
7 6 72
7 6 73
7 6 74
8 1 64
8 1 65
8 1 66
vessel8's berth allocation
3 59
3 60
3 61
3 62
3 63
3 64
3 65
3 66
3 67
3 68
3 69
3 70
3 71
3 72
3 73
3 74
3 75
==========================9===========================
vessel9's yard assignment
2 2 68
2 2 69
2 2 70
5 3 64
5 3 65
5 3 66
vessel9's berth allocation
0 64
0 65
0 66
0 67
0 68
0 69
0 70
0 71
==========================10===========================
vessel10's yard assignment
4 0 74
4 0 75
4 0 76
4 0 77
4 0 78
4 0 79
8 1 70
8 1 81
8 1 82
8 1 83
vessel10's berth allocation
1 70
1 71
1 72
1 73
1 74
1 75
1 76
1 77
1 78
1 79
1 80
1 81
1 82
1 83
1 84
==========================11===========================
vessel11's yard assignment
0 6 77
0 6 78
0 6 79
0 6 80
1 5 86
1 5 87
1 5 88
3 5 82
3 5 83
3 5 84
vessel11's berth allocation
0 77
0 78
0 79
0 80
0 81
0 82
0 83
0 84
0 85
0 86
0 87
0 88
0 89
==========================12===========================
vessel12's yard assignment
2 4 83
2 4 84
2 4 85
2 4 86
2 4 87
3 3 78
3 3 79
3 3 80
3 3 81
6 0 89
6 0 90
6 0 91
vessel12's berth allocation
2 78
2 79
2 80
2 81
2 82
2 83
2 84
2 85
2 86
2 87
2 88
2 89
2 90
2 91
2 92