Opt val 923300
overall runtime 537.1578841
root LS time: 12.101381900000005
root Cplex time 518.3299126000002
root UB 923300
root LB 923250
IterNum 420
root ColumnNum 276
root Time 532.6560603
Node Num total 1
==========================1===========================
vessel1's yard assignment
2 6 10
2 6 11
2 6 12
2 6 13
2 6 14
4 0 6
4 0 7
4 0 8
vessel1's berth allocation
0 6
0 7
0 8
0 9
0 10
0 11
0 12
0 13
0 14
0 15
==========================2===========================
vessel2's yard assignment
1 5 12
1 5 13
1 5 14
1 5 15
1 5 16
1 5 17
2 6 19
2 6 20
2 6 21
vessel2's berth allocation
1 12
1 13
1 14
1 15
1 16
1 17
1 18
1 19
1 20
1 21
1 22
==========================3===========================
vessel3's yard assignment
0 1 34
0 1 35
0 1 36
0 1 37
0 1 38
5 5 25
5 5 26
5 5 27
5 5 28
5 5 29
5 5 30
5 5 31
5 5 32
8 1 17
8 1 18
8 1 19
8 1 20
vessel3's berth allocation
0 17
0 18
0 19
0 20
0 21
0 22
0 23
0 24
0 25
0 26
0 27
0 28
0 29
0 30
0 31
0 32
0 33
0 34
0 35
0 36
0 37
0 38
0 39
==========================4===========================
vessel4's yard assignment
2 4 24
2 4 25
2 4 26
3 3 28
3 3 29
3 3 30
3 3 34
3 3 35
4 0 20
4 0 21
4 0 22
4 0 32
vessel4's berth allocation
2 20
2 21
2 22
2 23
2 24
2 25
2 26
2 27
2 28
2 29
2 30
2 31
2 32
2 33
2 34
2 35
2 36
==========================5===========================
vessel5's yard assignment
1 1 28
1 1 29
1 1 30
5 3 24
5 3 25
5 3 26
vessel5's berth allocation
1 24
1 25
1 26
1 27
1 28
1 29
1 30
1 31
==========================6===========================
vessel6's yard assignment
0 6 32
0 6 33
0 6 34
3 5 36
3 5 37
3 5 38
3 5 39
3 5 40
7 6 42
7 6 43
7 6 44
7 6 45
7 6 46
7 6 47
7 6 48
7 6 49
vessel6's berth allocation
1 32
1 33
1 34
1 35
1 36
1 37
1 38
1 39
1 40
1 41
1 42
1 43
1 44
1 45
1 46
1 47
1 48
1 49
1 50
==========================7===========================
vessel7's yard assignment
3 3 38
3 3 39
3 3 40
3 3 41
3 3 42
3 3 43
5 5 45
5 5 46
5 5 47
vessel7's berth allocation
2 38
2 39
2 40
2 41
2 42
2 43
2 44
2 45
2 46
2 47
2 48
==========================8===========================
vessel8's yard assignment
6 2 44
6 2 45
6 2 46
6 2 47
6 2 48
6 2 49
6 2 50
6 2 51
6 2 52
8 5 54
8 5 55
8 5 56
8 5 57
8 5 58
8 5 59
8 5 60
8 5 61
8 5 62
vessel8's berth allocation
0 44
0 45
0 46
0 47
0 48
0 49
0 50
0 51
0 52
0 53
0 54
0 55
0 56
0 57
0 58
0 59
0 60
0 61
0 62
0 63
==========================9===========================
vessel9's yard assignment
0 1 50
0 1 51
0 1 52
0 1 62
0 1 63
0 1 64
4 0 55
4 0 56
4 0 57
4 0 58
vessel9's berth allocation
2 50
2 51
2 52
2 53
2 54
2 55
2 56
2 57
2 58
2 59
2 60
2 61
2 62
2 63
2 64
2 65
==========================10===========================
vessel10's yard assignment
0 6 52
0 6 53
0 6 64
2 4 60
2 4 61
2 4 62
6 2 55
6 2 56
6 2 57
6 2 58
vessel10's berth allocation
1 52
1 53
1 54
1 55
1 56
1 57
1 58
1 59
1 60
1 61
1 62
1 63
1 64
1 65
==========================11===========================
vessel11's yard assignment
1 5 64
1 5 65
1 5 66
1 5 67
7 6 69
7 6 70
7 6 71
7 6 72
7 6 73
7 6 74
7 6 75
vessel11's berth allocation
0 64
0 65
0 66
0 67
0 68
0 69
0 70
0 71
0 72
0 73
0 74
0 75
0 76
==========================12===========================
vessel12's yard assignment
2 4 66
2 4 67
2 4 68
2 4 69
4 0 74
4 0 75
4 0 76
4 0 77
4 0 78
vessel12's berth allocation
2 66
2 67
2 68
2 69
2 70
2 71
2 72
2 73
2 74
2 75
2 76
2 77
2 78
2 79