Feas val 968600
overall runtime 7200
root LS time: 11.1183318
root Cplex time 471.1108993000001
root UB 981050
root LB 955305.0279329608
IterNum 396
root ColumnNum 265
root Time 484.0919236
Node Num total 21
Opt val 968599.9999999998
overall runtime 6061.7194114
root LS time: 7.642179800000002
root Cplex time 288.5968887000001
root UB 987250
root LB 955305.027932961
IterNum 372
root ColumnNum 252
root Time 297.8894492
Node Num total 22
==========================1===========================
vessel1's yard assignment
5 5 25
5 5 26
5 5 27
5 5 28
5 5 29
5 5 30
5 5 31
5 5 32
5 5 33
8 1 15
8 1 16
8 1 17
8 1 18
8 1 19
8 1 20
8 1 35
8 1 36
8 1 37
vessel1's berth allocation
1 15
1 16
1 17
1 18
1 19
1 20
1 21
1 22
1 23
1 24
1 25
1 26
1 27
1 28
1 29
1 30
1 31
1 32
1 33
1 34
1 35
1 36
1 37
1 38
==========================2===========================
vessel2's yard assignment
7 3 24
7 3 25
7 3 26
7 3 27
7 3 28
8 1 30
8 1 31
8 1 32
8 1 33
vessel2's berth allocation
0 24
0 25
0 26
0 27
0 28
0 29
0 30
0 31
0 32
0 33
0 34
==========================3===========================
vessel3's yard assignment
0 6 43
0 6 44
0 6 45
0 6 46
3 3 35
3 3 36
3 3 37
3 3 38
3 3 39
3 3 40
3 3 41
vessel3's berth allocation
0 35
0 36
0 37
0 38
0 39
0 40
0 41
0 42
0 43
0 44
0 45
0 46
0 47
==========================4===========================
vessel4's yard assignment
1 5 40
1 5 41
1 5 42
5 5 44
5 5 45
5 5 46
5 5 47
5 5 48
vessel4's berth allocation
1 40
1 41
1 42
1 43
1 44
1 45
1 46
1 47
1 48
1 49
==========================5===========================
vessel5's yard assignment
0 1 47
0 1 48
0 1 49
0 1 50
4 4 52
4 4 53
4 4 54
5 3 43
5 3 44
5 3 45
vessel5's berth allocation
2 43
2 44
2 45
2 46
2 47
2 48
2 49
2 50
2 51
2 52
2 53
2 54
2 55
==========================6===========================
vessel6's yard assignment
4 0 48
4 0 55
4 0 56
7 6 50
7 6 51
7 6 52
7 6 53
vessel6's berth allocation
0 48
0 49
0 50
0 51
0 52
0 53
0 54
0 55
0 56
0 57
==========================7===========================
vessel7's yard assignment
3 5 54
3 5 55
3 5 56
3 5 57
3 5 58
3 5 59
3 5 60
4 4 62
4 4 63
4 4 64
4 4 65
4 4 66
4 4 67
4 4 68
4 4 69
vessel7's berth allocation
1 54
1 55
1 56
1 57
1 58
1 59
1 60
1 61
1 62
1 63
1 64
1 65
1 66
1 67
1 68
1 69
1 70
==========================8===========================
vessel8's yard assignment
0 1 62
0 1 63
0 1 64
0 1 65
0 1 66
0 1 67
0 1 68
2 4 56
2 4 57
2 4 58
2 4 59
2 4 60
6 2 70
6 2 71
6 2 72
6 2 73
6 2 74
6 2 75
vessel8's berth allocation
2 56
2 57
2 58
2 59
2 60
2 61
2 62
2 63
2 64
2 65
2 66
2 67
2 68
2 69
2 70
2 71
2 72
2 73
2 74
2 75
2 76
==========================9===========================
vessel9's yard assignment
2 6 68
2 6 69
2 6 70
6 0 74
6 0 75
6 0 76
vessel9's berth allocation
0 68
0 69
0 70
0 71
0 72
0 73
0 74
0 75
0 76
0 77
==========================10===========================
vessel10's yard assignment
2 4 78
2 4 79
2 4 80
2 4 81
2 4 82
2 4 83
2 4 84
2 4 85
7 6 72
7 6 73
7 6 74
7 6 75
7 6 76
8 5 87
8 5 88
8 5 89
8 5 90
8 5 91
8 5 92
vessel10's berth allocation
1 71
1 72
1 73
1 74
1 75
1 76
1 77
1 78
1 79
1 80
1 81
1 82
1 83
1 84
1 85
1 86
1 87
1 88
1 89
1 90
1 91
1 92
1 93
==========================11===========================
vessel11's yard assignment
1 1 84
1 1 85
1 1 86
1 1 87
1 1 88
1 1 89
1 1 90
4 0 92
4 0 93
4 0 94
4 0 95
4 0 96
4 0 97
8 1 77
8 1 78
8 1 79
8 1 80
8 1 81
8 1 82
vessel11's berth allocation
2 77
2 78
2 79
2 80
2 81
2 82
2 83
2 84
2 85
2 86
2 87
2 88
2 89
2 90
2 91
2 92
2 93
2 94
2 95
2 96
2 97
2 98
==========================12===========================
vessel12's yard assignment
2 6 78
2 6 79
2 6 80
7 3 82
7 3 83
7 3 84
vessel12's berth allocation
0 78
0 79
0 80
0 81
0 82
0 83
0 84
0 85