Opt val 987900
overall runtime 616.6337794
root LS time: 11.622832800000001
root Cplex time 602.2927258000003
root UB 987900
root LB 987900
IterNum 312
root ColumnNum 229
root Time 615.2361843
Node Num total 1
==========================1===========================
vessel1's yard assignment
0 6 17
0 6 18
0 6 19
0 6 20
0 6 21
1 5 13
1 5 14
1 5 15
1 5 29
1 5 30
1 5 31
1 5 32
2 4 24
2 4 25
2 4 26
2 4 27
vessel1's berth allocation
0 13
0 14
0 15
0 16
0 17
0 18
0 19
0 20
0 21
0 22
0 23
0 24
0 25
0 26
0 27
0 28
0 29
0 30
0 31
0 32
0 33
==========================2===========================
vessel2's yard assignment
0 1 31
0 1 32
0 1 33
0 1 34
4 0 25
4 0 26
4 0 27
4 0 28
4 0 29
5 5 36
5 5 37
5 5 38
5 5 39
5 5 40
5 5 41
vessel2's berth allocation
1 25
1 26
1 27
1 28
1 29
1 30
1 31
1 32
1 33
1 34
1 35
1 36
1 37
1 38
1 39
1 40
1 41
1 42
==========================3===========================
vessel3's yard assignment
2 4 29
2 4 30
2 4 31
2 4 32
2 4 33
2 4 34
2 4 35
6 0 45
6 0 46
6 0 47
6 0 48
6 0 49
8 1 37
8 1 38
8 1 39
8 1 40
8 1 41
8 1 42
8 1 43
vessel3's berth allocation
2 29
2 30
2 31
2 32
2 33
2 34
2 35
2 36
2 37
2 38
2 39
2 40
2 41
2 42
2 43
2 44
2 45
2 46
2 47
2 48
2 49
2 50
==========================4===========================
vessel4's yard assignment
4 6 34
4 6 35
4 6 41
4 6 42
4 6 43
4 6 44
5 3 37
5 3 38
5 3 39
vessel4's berth allocation
0 34
0 35
0 36
0 37
0 38
0 39
0 40
0 41
0 42
0 43
0 44
0 45
==========================5===========================
vessel5's yard assignment
1 5 54
1 5 55
1 5 56
1 5 57
1 5 58
1 5 59
5 5 44
5 5 45
5 5 46
5 5 47
7 6 49
7 6 50
7 6 51
7 6 52
vessel5's berth allocation
1 44
1 45
1 46
1 47
1 48
1 49
1 50
1 51
1 52
1 53
1 54
1 55
1 56
1 57
1 58
1 59
1 60
==========================6===========================
vessel6's yard assignment
1 3 46
1 3 47
1 3 48
8 1 50
8 1 51
8 1 52
vessel6's berth allocation
0 46
0 47
0 48
0 49
0 50
0 51
0 52
0 53
==========================7===========================
vessel7's yard assignment
3 5 62
3 5 63
3 5 64
3 5 65
3 5 66
3 5 67
3 5 68
3 5 69
3 5 70
6 2 54
6 2 55
6 2 56
6 2 57
6 2 58
6 2 59
6 2 60
6 2 72
6 2 73
vessel7's berth allocation
2 54
2 55
2 56
2 57
2 58
2 59
2 60
2 61
2 62
2 63
2 64
2 65
2 66
2 67
2 68
2 69
2 70
2 71
2 72
2 73
2 74
==========================8===========================
vessel8's yard assignment
3 3 59
3 3 60
3 3 61
3 3 75
7 6 67
7 6 68
7 6 69
7 6 70
7 6 71
7 6 72
7 6 73
8 1 63
8 1 64
8 1 65
vessel8's berth allocation
0 59
0 60
0 61
0 62
0 63
0 64
0 65
0 66
0 67
0 68
0 69
0 70
0 71
0 72
0 73
0 74
0 75
0 76
==========================9===========================
vessel9's yard assignment
2 4 67
2 4 68
2 4 69
5 3 63
5 3 64
5 3 65
vessel9's berth allocation
1 63
1 64
1 65
1 66
1 67
1 68
1 69
1 70
==========================10===========================
vessel10's yard assignment
4 0 74
4 0 75
4 0 76
4 0 77
4 0 78
4 0 79
8 1 81
8 1 82
8 1 83
8 1 84
vessel10's berth allocation
1 74
1 75
1 76
1 77
1 78
1 79
1 80
1 81
1 82
1 83
1 84
1 85
==========================11===========================
vessel11's yard assignment
0 6 77
0 6 78
0 6 79
0 6 80
1 5 86
1 5 87
1 5 88
3 5 82
3 5 83
3 5 84
vessel11's berth allocation
0 77
0 78
0 79
0 80
0 81
0 82
0 83
0 84
0 85
0 86
0 87
0 88
0 89
==========================12===========================
vessel12's yard assignment
2 4 78
2 4 79
2 4 80
2 4 81
2 4 82
3 3 84
3 3 85
3 3 86
3 3 87
6 0 89
6 0 90
6 0 91
vessel12's berth allocation
2 78
2 79
2 80
2 81
2 82
2 83
2 84
2 85
2 86
2 87
2 88
2 89
2 90
2 91
2 92