Opt val 842200
overall runtime 1221.984593
root LS time: 16.335247700000004
root Cplex time 419.80435420000026
root UB 842400
root LB 838175
IterNum 360
root ColumnNum 185
root Time 437.6326897
Node Num total 6
==========================1===========================
vessel1's yard assignment
2 0 6
2 0 7
2 0 8
2 0 9
2 0 10
4 5 12
4 5 13
4 5 14
vessel1's berth allocation
2 6
2 7
2 8
2 9
2 10
2 11
2 12
2 13
2 14
2 15
==========================2===========================
vessel2's yard assignment
1 3 12
1 3 13
1 3 14
1 3 15
1 3 16
1 3 17
2 6 19
2 6 20
2 6 21
vessel2's berth allocation
0 12
0 13
0 14
0 15
0 16
0 17
0 18
0 19
0 20
0 21
0 22
==========================3===========================
vessel3's yard assignment
0 2 17
0 2 18
0 2 19
0 2 20
0 2 21
5 2 23
5 2 24
5 2 25
5 2 26
5 2 27
5 2 28
5 2 29
5 2 30
8 6 32
8 6 33
8 6 34
8 6 35
vessel3's berth allocation
2 17
2 18
2 19
2 20
2 21
2 22
2 23
2 24
2 25
2 26
2 27
2 28
2 29
2 30
2 31
2 32
2 33
2 34
2 35
2 36
==========================4===========================
vessel4's yard assignment
2 0 20
2 0 21
2 0 22
3 4 24
3 4 25
3 4 26
3 4 27
3 4 28
4 5 30
4 5 31
4 5 32
4 5 33
vessel4's berth allocation
1 20
1 21
1 22
1 23
1 24
1 25
1 26
1 27
1 28
1 29
1 30
1 31
1 32
1 33
1 34
==========================5===========================
vessel5's yard assignment
1 3 24
1 3 25
1 3 26
5 0 28
5 0 29
5 0 30
vessel5's berth allocation
0 24
0 25
0 26
0 27
0 28
0 29
0 30
0 31
==========================6===========================
vessel6's yard assignment
0 0 32
0 0 33
0 0 34
3 1 45
3 1 46
3 1 47
3 1 48
3 1 49
7 3 36
7 3 37
7 3 38
7 3 39
7 3 40
7 3 41
7 3 42
7 3 43
vessel6's berth allocation
0 32
0 33
0 34
0 35
0 36
0 37
0 38
0 39
0 40
0 41
0 42
0 43
0 44
0 45
0 46
0 47
0 48
0 49
0 50
==========================7===========================
vessel7's yard assignment
3 1 38
3 1 39
3 1 40
3 1 41
3 1 42
3 1 43
5 0 45
5 0 46
5 0 47
vessel7's berth allocation
1 38
1 39
1 40
1 41
1 42
1 43
1 44
1 45
1 46
1 47
1 48
==========================8===========================
vessel8's yard assignment
6 5 54
6 5 55
6 5 56
6 5 57
6 5 58
6 5 59
6 5 60
6 5 61
6 5 62
8 6 43
8 6 44
8 6 45
8 6 46
8 6 47
8 6 48
8 6 49
8 6 50
8 6 51
vessel8's berth allocation
2 43
2 44
2 45
2 46
2 47
2 48
2 49
2 50
2 51
2 52
2 53
2 54
2 55
2 56
2 57
2 58
2 59
2 60
2 61
2 62
2 63
==========================9===========================
vessel9's yard assignment
0 2 55
0 2 56
0 2 57
0 2 58
0 2 59
0 2 60
4 2 50
4 2 51
4 2 52
4 2 53
vessel9's berth allocation
1 50
1 51
1 52
1 53
1 54
1 55
1 56
1 57
1 58
1 59
1 60
1 61
==========================10===========================
vessel10's yard assignment
0 0 59
0 0 60
0 0 61
2 0 55
2 0 56
2 0 57
6 1 52
6 1 63
6 1 64
6 1 65
vessel10's berth allocation
0 52
0 53
0 54
0 55
0 56
0 57
0 58
0 59
0 60
0 61
0 62
0 63
0 64
0 65
0 66
==========================11===========================
vessel11's yard assignment
1 3 62
1 3 63
1 3 64
1 3 65
7 2 67
7 2 68
7 2 69
7 2 70
7 2 71
7 2 72
7 2 73
vessel11's berth allocation
1 62
1 63
1 64
1 65
1 66
1 67
1 68
1 69
1 70
1 71
1 72
1 73
1 74
==========================12===========================
vessel12's yard assignment
2 6 72
2 6 73
2 6 74
2 6 75
4 5 66
4 5 67
4 5 68
4 5 69
4 5 70
vessel12's berth allocation
2 66
2 67
2 68
2 69
2 70
2 71
2 72
2 73
2 74
2 75
2 76