Feas val 1062200
overall runtime 7200
root LS time: 38.10182110000004
root Cplex time 3795.768261699999
root UB 1065200
root LB 1054200
IterNum 816
root ColumnNum 449
root Time 3838.3309363
Node Num total 2
==========================1===========================
vessel1's yard assignment
3 6 8
3 6 9
3 6 10
3 6 11
3 6 12
8 6 14
8 6 15
8 6 16
8 6 17
8 6 18
8 6 19
vessel1's berth allocation
2 8
2 9
2 10
2 11
2 12
2 13
2 14
2 15
2 16
2 17
2 18
2 19
2 20
==========================2===========================
vessel2's yard assignment
2 0 17
2 0 18
2 0 19
5 0 21
5 0 22
5 0 23
vessel2's berth allocation
0 17
0 18
0 19
0 20
0 21
0 22
0 23
0 24
==========================3===========================
vessel3's yard assignment
1 3 24
1 3 25
1 3 26
1 3 27
6 5 29
6 5 30
6 5 31
6 5 32
vessel3's berth allocation
1 24
1 25
1 26
1 27
1 28
1 29
1 30
1 31
1 32
1 33
==========================4===========================
vessel4's yard assignment
4 2 24
4 2 25
4 2 26
4 2 27
4 2 28
4 2 29
6 1 37
6 1 38
6 1 39
6 1 40
6 1 41
7 6 31
7 6 32
7 6 33
7 6 34
7 6 35
vessel4's berth allocation
2 24
2 25
2 26
2 27
2 28
2 29
2 30
2 31
2 32
2 33
2 34
2 35
2 36
2 37
2 38
2 39
2 40
2 41
2 42
==========================5===========================
vessel5's yard assignment
1 5 44
1 5 45
1 5 46
1 5 47
1 5 48
2 3 37
2 3 38
2 3 39
2 3 40
2 3 41
2 3 42
5 0 29
5 0 30
5 0 31
5 0 32
5 0 33
5 0 34
5 0 35
vessel5's berth allocation
0 29
0 30
0 31
0 32
0 33
0 34
0 35
0 36
0 37
0 38
0 39
0 40
0 41
0 42
0 43
0 44
0 45
0 46
0 47
0 48
0 49
==========================6===========================
vessel6's yard assignment
0 2 43
0 2 44
0 2 45
0 2 46
0 2 47
0 2 48
4 5 34
4 5 35
4 5 36
4 5 37
4 5 38
4 5 39
4 5 40
4 5 41
vessel6's berth allocation
1 34
1 35
1 36
1 37
1 38
1 39
1 40
1 41
1 42
1 43
1 44
1 45
1 46
1 47
1 48
1 49
==========================7===========================
vessel7's yard assignment
0 0 43
0 0 55
0 0 56
0 0 57
0 0 58
0 0 59
0 0 60
7 6 45
7 6 46
7 6 47
7 6 48
7 6 49
7 6 50
7 6 51
7 6 52
7 6 53
vessel7's berth allocation
2 43
2 44
2 45
2 46
2 47
2 48
2 49
2 50
2 51
2 52
2 53
2 54
2 55
2 56
2 57
2 58
2 59
2 60
2 61
==========================8===========================
vessel8's yard assignment
2 3 58
2 3 59
2 3 60
3 4 52
3 4 53
3 4 54
3 4 55
3 4 56
4 1 50
4 1 62
4 1 63
4 1 64
4 1 65
4 1 66
4 1 67
vessel8's berth allocation
0 50
0 51
0 52
0 53
0 54
0 55
0 56
0 57
0 58
0 59
0 60
0 61
0 62
0 63
0 64
0 65
0 66
0 67
0 68
==========================9===========================
vessel9's yard assignment
0 2 50
0 2 51
0 2 52
0 2 53
0 2 54
0 2 55
6 5 57
6 5 58
6 5 59
6 5 60
6 5 61
6 5 62
6 5 63
vessel9's berth allocation
1 50
1 51
1 52
1 53
1 54
1 55
1 56
1 57
1 58
1 59
1 60
1 61
1 62
1 63
1 64
==========================10===========================
vessel10's yard assignment
0 0 74
0 0 75
0 0 76
0 0 77
0 0 78
0 0 79
0 0 80
3 6 69
3 6 70
3 6 71
3 6 72
7 3 62
7 3 63
7 3 64
7 3 65
7 3 66
7 3 67
vessel10's berth allocation
2 62
2 63
2 64
2 65
2 66
2 67
2 68
2 69
2 70
2 71
2 72
2 73
2 74
2 75
2 76
2 77
2 78
2 79
2 80
2 81
==========================11===========================
vessel11's yard assignment
4 2 71
4 2 72
4 2 73
4 2 74
4 2 75
4 2 76
8 4 65
8 4 66
8 4 67
8 4 68
8 4 69
vessel11's berth allocation
1 65
1 66
1 67
1 68
1 69
1 70
1 71
1 72
1 73
1 74
1 75
1 76
1 77
==========================12===========================
vessel12's yard assignment
1 5 71
1 5 83
1 5 84
1 5 85
4 5 87
4 5 88
4 5 89
4 5 90
4 5 91
4 5 92
4 5 93
8 6 74
8 6 75
8 6 76
8 6 77
8 6 78
8 6 79
8 6 80
8 6 81
vessel12's berth allocation
0 71
0 72
0 73
0 74
0 75
0 76
0 77
0 78
0 79
0 80
0 81
0 82
0 83
0 84
0 85
0 86
0 87
0 88
0 89
0 90
0 91
0 92
0 93
0 94