Opt val 1045300
overall runtime 6068.1829107
root LS time: 19.44690380000001
root Cplex time 1073.1077049
root UB 1050650
root LB 1044985.7142857143
IterNum 492
root ColumnNum 306
root Time 1094.435899
Node Num total 9
==========================1===========================
vessel1's yard assignment
2 3 6
2 3 7
2 3 8
2 3 24
2 3 25
4 2 10
4 2 11
4 2 12
4 2 13
4 2 14
4 2 15
4 2 16
7 6 18
7 6 19
7 6 20
7 6 21
vessel1's berth allocation
0 6
0 7
0 8
0 9
0 10
0 11
0 12
0 13
0 14
0 15
0 16
0 17
0 18
0 19
0 20
0 21
0 22
0 23
0 24
0 25
0 26
==========================2===========================
vessel2's yard assignment
5 0 17
5 0 18
5 0 19
5 0 20
5 0 21
5 0 22
5 0 23
5 0 24
6 5 9
6 5 10
6 5 11
6 5 12
6 5 13
6 5 14
6 5 15
vessel2's berth allocation
1 9
1 10
1 11
1 12
1 13
1 14
1 15
1 16
1 17
1 18
1 19
1 20
1 21
1 22
1 23
1 24
1 25
==========================3===========================
vessel3's yard assignment
2 3 14
2 3 15
2 3 16
2 3 17
5 2 19
5 2 20
5 2 21
5 2 22
5 2 23
vessel3's berth allocation
2 14
2 15
2 16
2 17
2 18
2 19
2 20
2 21
2 22
2 23
2 24
==========================4===========================
vessel4's yard assignment
3 1 37
3 1 38
3 1 39
3 1 40
3 1 41
6 5 25
6 5 26
6 5 27
6 5 28
6 5 29
6 5 30
7 2 32
7 2 33
7 2 34
7 2 35
vessel4's berth allocation
2 25
2 26
2 27
2 28
2 29
2 30
2 31
2 32
2 33
2 34
2 35
2 36
2 37
2 38
2 39
2 40
2 41
2 42
==========================5===========================
vessel5's yard assignment
0 0 43
0 0 44
0 0 45
0 0 46
4 5 36
4 5 37
4 5 38
4 5 39
4 5 40
4 5 41
8 6 28
8 6 29
8 6 30
8 6 31
8 6 32
8 6 33
8 6 34
vessel5's berth allocation
1 28
1 29
1 30
1 31
1 32
1 33
1 34
1 35
1 36
1 37
1 38
1 39
1 40
1 41
1 42
1 43
1 44
1 45
1 46
1 47
==========================6===========================
vessel6's yard assignment
7 3 36
7 3 37
7 3 38
7 3 39
7 3 40
7 3 41
8 4 31
8 4 32
8 4 33
8 4 34
vessel6's berth allocation
0 31
0 32
0 33
0 34
0 35
0 36
0 37
0 38
0 39
0 40
0 41
0 42
==========================7===========================
vessel7's yard assignment
0 2 50
0 2 51
0 2 52
0 2 53
0 2 54
3 4 43
3 4 44
3 4 45
3 4 46
3 4 47
3 4 48
vessel7's berth allocation
0 43
0 44
0 45
0 46
0 47
0 48
0 49
0 50
0 51
0 52
0 53
0 54
0 55
==========================8===========================
vessel8's yard assignment
7 6 44
7 6 45
7 6 46
7 6 47
7 6 48
7 6 49
8 4 52
8 4 53
8 4 54
8 4 55
8 4 56
8 4 57
8 4 58
vessel8's berth allocation
2 44
2 45
2 46
2 47
2 48
2 49
2 50
2 51
2 52
2 53
2 54
2 55
2 56
2 57
2 58
2 59
==========================9===========================
vessel9's yard assignment
2 0 55
2 0 56
2 0 57
2 0 58
6 1 48
6 1 49
6 1 50
6 1 51
6 1 52
vessel9's berth allocation
1 48
1 49
1 50
1 51
1 52
1 53
1 54
1 55
1 56
1 57
1 58
1 59
==========================10===========================
vessel10's yard assignment
2 6 71
2 6 72
2 6 73
2 6 74
2 6 75
2 6 76
2 6 77
4 5 56
4 5 57
4 5 58
4 5 59
4 5 60
4 5 61
4 5 62
6 5 64
6 5 65
6 5 66
6 5 67
6 5 68
6 5 69
vessel10's berth allocation
0 56
0 57
0 58
0 59
0 60
0 61
0 62
0 63
0 64
0 65
0 66
0 67
0 68
0 69
0 70
0 71
0 72
0 73
0 74
0 75
0 76
0 77
0 78
==========================11===========================
vessel11's yard assignment
3 1 67
3 1 68
3 1 69
3 1 70
4 2 72
4 2 73
4 2 74
4 2 75
4 2 76
4 2 77
5 0 60
5 0 61
5 0 62
5 0 63
5 0 64
5 0 65
vessel11's berth allocation
2 60
2 61
2 62
2 63
2 64
2 65
2 66
2 67
2 68
2 69
2 70
2 71
2 72
2 73
2 74
2 75
2 76
2 77
2 78
==========================12===========================
vessel12's yard assignment
0 0 74
0 0 75
0 0 76
0 0 77
0 0 78
0 0 79
0 0 80
0 0 81
3 1 83
3 1 84
3 1 85
3 1 86
3 1 87
vessel12's berth allocation
1 74
1 75
1 76
1 77
1 78
1 79
1 80
1 81
1 82
1 83
1 84
1 85
1 86
1 87
1 88