Opt val 901950
overall runtime 698.8940329
root LS time: 13.163384599999992
root Cplex time 683.3842342000005
root UB 901949.9999999999
root LB 901950
IterNum 456
root ColumnNum 205
root Time 697.9553618
Node Num total 1
==========================1===========================
vessel1's yard assignment
5 2 15
5 2 16
5 2 17
5 2 18
5 2 19
5 2 20
5 2 21
5 2 22
5 2 23
8 4 25
8 4 26
8 4 27
8 4 28
8 4 29
8 4 30
8 4 31
8 4 32
8 4 33
vessel1's berth allocation
2 15
2 16
2 17
2 18
2 19
2 20
2 21
2 22
2 23
2 24
2 25
2 26
2 27
2 28
2 29
2 30
2 31
2 32
2 33
2 34
==========================2===========================
vessel2's yard assignment
7 3 24
7 3 25
7 3 26
7 3 27
7 3 28
8 6 30
8 6 31
8 6 32
8 6 33
vessel2's berth allocation
0 24
0 25
0 26
0 27
0 28
0 29
0 30
0 31
0 32
0 33
0 34
==========================3===========================
vessel3's yard assignment
0 1 35
0 1 36
0 1 37
0 1 38
3 6 40
3 6 41
3 6 42
3 6 43
3 6 44
3 6 45
3 6 46
vessel3's berth allocation
2 35
2 36
2 37
2 38
2 39
2 40
2 41
2 42
2 43
2 44
2 45
2 46
2 47
==========================4===========================
vessel4's yard assignment
1 3 40
1 3 41
1 3 42
5 0 44
5 0 45
5 0 46
5 0 47
5 0 48
vessel4's berth allocation
1 40
1 41
1 42
1 43
1 44
1 45
1 46
1 47
1 48
1 49
==========================5===========================
vessel5's yard assignment
0 1 47
0 1 48
0 1 49
0 1 50
4 5 43
4 5 44
4 5 45
5 4 52
5 4 53
5 4 54
vessel5's berth allocation
0 43
0 44
0 45
0 46
0 47
0 48
0 49
0 50
0 51
0 52
0 53
0 54
0 55
==========================6===========================
vessel6's yard assignment
4 5 54
4 5 55
4 5 56
7 6 48
7 6 49
7 6 50
7 6 51
vessel6's berth allocation
2 48
2 49
2 50
2 51
2 52
2 53
2 54
2 55
2 56
2 57
==========================7===========================
vessel7's yard assignment
3 4 60
3 4 61
3 4 62
3 4 63
3 4 64
3 4 65
3 4 66
4 2 51
4 2 52
4 2 53
4 2 54
4 2 55
4 2 56
4 2 57
4 2 58
vessel7's berth allocation
1 51
1 52
1 53
1 54
1 55
1 56
1 57
1 58
1 59
1 60
1 61
1 62
1 63
1 64
1 65
1 66
1 67
==========================8===========================
vessel8's yard assignment
0 2 69
0 2 70
0 2 71
0 2 72
0 2 73
0 2 74
0 2 75
2 0 56
2 0 57
2 0 58
2 0 59
2 0 60
6 5 62
6 5 63
6 5 64
6 5 65
6 5 66
6 5 67
vessel8's berth allocation
0 56
0 57
0 58
0 59
0 60
0 61
0 62
0 63
0 64
0 65
0 66
0 67
0 68
0 69
0 70
0 71
0 72
0 73
0 74
0 75
0 76
==========================9===========================
vessel9's yard assignment
2 0 74
2 0 75
2 0 76
6 5 69
6 5 70
6 5 71
vessel9's berth allocation
1 68
1 69
1 70
1 71
1 72
1 73
1 74
1 75
1 76
1 77
==========================10===========================
vessel10's yard assignment
2 6 69
2 6 70
2 6 71
2 6 72
2 6 73
2 6 74
2 6 75
2 6 76
7 2 85
7 2 86
7 2 87
7 2 88
7 2 89
8 4 78
8 4 79
8 4 80
8 4 81
8 4 82
8 4 83
vessel10's berth allocation
2 69
2 70
2 71
2 72
2 73
2 74
2 75
2 76
2 77
2 78
2 79
2 80
2 81
2 82
2 83
2 84
2 85
2 86
2 87
2 88
2 89
2 90
==========================11===========================
vessel11's yard assignment
1 5 84
1 5 85
1 5 86
1 5 87
1 5 88
1 5 89
1 5 90
4 1 77
4 1 78
4 1 79
4 1 80
4 1 81
4 1 82
8 6 92
8 6 93
8 6 94
8 6 95
8 6 96
8 6 97
vessel11's berth allocation
0 77
0 78
0 79
0 80
0 81
0 82
0 83
0 84
0 85
0 86
0 87
0 88
0 89
0 90
0 91
0 92
0 93
0 94
0 95
0 96
0 97
0 98
==========================12===========================
vessel12's yard assignment
2 0 78
2 0 79
2 0 80
7 3 82
7 3 83
7 3 84
vessel12's berth allocation
1 78
1 79
1 80
1 81
1 82
1 83
1 84
1 85