Opt val 921790
overall runtime 132.0727927
root LS time: 5.930334400000002
root Cplex time 125.71428770000001
root UB 921790
root LB 921240
IterNum 144
root ColumnNum 102
root Time 131.9589808
Node Num total 1
==========================1===========================
vessel1's yard assignment
0 0 26
0 0 27
0 0 28
0 0 29
0 0 30
1 5 13
1 5 14
1 5 15
1 5 16
1 5 17
1 5 18
1 5 19
2 0 21
2 0 22
2 0 23
2 0 24
vessel1's berth allocation
0 13
0 14
0 15
0 16
0 17
0 18
0 19
0 20
0 21
0 22
0 23
0 24
0 25
0 26
0 27
0 28
0 29
0 30
0 31
==========================2===========================
vessel2's yard assignment
0 0 32
0 0 33
0 0 34
0 0 35
4 5 37
4 5 38
4 5 39
4 5 40
4 5 41
5 2 25
5 2 26
5 2 27
5 2 28
5 2 29
5 2 30
vessel2's berth allocation
1 25
1 26
1 27
1 28
1 29
1 30
1 31
1 32
1 33
1 34
1 35
1 36
1 37
1 38
1 39
1 40
1 41
1 42
==========================3===========================
vessel3's yard assignment
2 0 43
2 0 44
2 0 45
2 0 46
2 0 47
2 0 48
2 0 49
6 3 37
6 3 38
6 3 39
6 3 40
6 3 41
8 6 29
8 6 30
8 6 31
8 6 32
8 6 33
8 6 34
8 6 35
vessel3's berth allocation
2 29
2 30
2 31
2 32
2 33
2 34
2 35
2 36
2 37
2 38
2 39
2 40
2 41
2 42
2 43
2 44
2 45
2 46
2 47
2 48
2 49
2 50
==========================4===========================
vessel4's yard assignment
4 1 36
4 1 37
4 1 38
4 1 39
4 1 40
4 1 41
5 2 32
5 2 33
5 2 34
vessel4's berth allocation
0 32
0 33
0 34
0 35
0 36
0 37
0 38
0 39
0 40
0 41
0 42
==========================5===========================
vessel5's yard assignment
1 5 44
1 5 45
1 5 46
1 5 47
1 5 48
1 5 49
5 0 56
5 0 57
5 0 58
5 0 59
7 2 51
7 2 52
7 2 53
7 2 54
vessel5's berth allocation
1 44
1 45
1 46
1 47
1 48
1 49
1 50
1 51
1 52
1 53
1 54
1 55
1 56
1 57
1 58
1 59
1 60
==========================6===========================
vessel6's yard assignment
1 3 45
1 3 46
1 3 47
8 6 49
8 6 50
8 6 51
vessel6's berth allocation
0 45
0 46
0 47
0 48
0 49
0 50
0 51
0 52
==========================7===========================
vessel7's yard assignment
3 6 64
3 6 65
3 6 66
3 6 67
3 6 68
3 6 69
3 6 70
3 6 71
3 6 72
6 5 54
6 5 55
6 5 56
6 5 57
6 5 58
6 5 59
6 5 60
6 5 61
6 5 62
vessel7's berth allocation
2 54
2 55
2 56
2 57
2 58
2 59
2 60
2 61
2 62
2 63
2 64
2 65
2 66
2 67
2 68
2 69
2 70
2 71
2 72
2 73
==========================8===========================
vessel8's yard assignment
3 1 67
3 1 68
3 1 69
3 1 70
7 3 59
7 3 60
7 3 61
7 3 62
7 3 63
7 3 64
7 3 65
8 6 74
8 6 75
8 6 76
vessel8's berth allocation
0 59
0 60
0 61
0 62
0 63
0 64
0 65
0 66
0 67
0 68
0 69
0 70
0 71
0 72
0 73
0 74
0 75
0 76
0 77
==========================9===========================
vessel9's yard assignment
2 0 63
2 0 64
2 0 65
5 2 67
5 2 68
5 2 69
vessel9's berth allocation
1 63
1 64
1 65
1 66
1 67
1 68
1 69
1 70
==========================10===========================
vessel10's yard assignment
4 2 71
4 2 72
4 2 73
4 2 74
4 2 75
4 2 76
8 4 78
8 4 79
8 4 80
8 4 81
vessel10's berth allocation
1 71
1 72
1 73
1 74
1 75
1 76
1 77
1 78
1 79
1 80
1 81
1 82
==========================11===========================
vessel11's yard assignment
0 0 77
0 0 78
0 0 79
0 0 80
1 5 82
1 5 83
1 5 84
3 1 86
3 1 87
3 1 88
vessel11's berth allocation
2 77
2 78
2 79
2 80
2 81
2 82
2 83
2 84
2 85
2 86
2 87
2 88
2 89
==========================12===========================
vessel12's yard assignment
2 0 87
2 0 88
2 0 89
2 0 90
2 0 91
3 6 78
3 6 79
3 6 80
3 6 81
6 3 83
6 3 84
6 3 85
vessel12's berth allocation
0 78
0 79
0 80
0 81
0 82
0 83
0 84
0 85
0 86
0 87
0 88
0 89
0 90
0 91
0 92