Opt val 1015070
overall runtime 280.1974656
root LS time: 6.7251409
root Cplex time 272.1529745000001
root UB 1015070
root LB 1015070
IterNum 276
root ColumnNum 138
root Time 279.7160074
Node Num total 1
==========================1===========================
vessel1's yard assignment
2 4 24
2 4 25
2 4 26
2 4 27
2 4 28
2 4 29
2 4 30
3 3 34
3 3 35
3 3 36
3 3 37
3 3 38
3 3 39
3 3 40
3 3 41
7 6 16
7 6 17
7 6 18
7 6 19
7 6 20
7 6 21
7 6 32
vessel1's berth allocation
1 16
1 17
1 18
1 19
1 20
1 21
1 22
1 23
1 24
1 25
1 26
1 27
1 28
1 29
1 30
1 31
1 32
1 33
1 34
1 35
1 36
1 37
1 38
1 39
1 40
1 41
1 42
==========================2===========================
vessel2's yard assignment
0 1 35
0 1 36
0 1 37
0 1 38
0 1 39
1 5 30
1 5 31
1 5 32
1 5 33
7 3 24
7 3 25
7 3 26
7 3 27
7 3 28
vessel2's berth allocation
2 24
2 25
2 26
2 27
2 28
2 29
2 30
2 31
2 32
2 33
2 34
2 35
2 36
2 37
2 38
2 39
2 40
==========================3===========================
vessel3's yard assignment
1 5 36
1 5 37
1 5 38
8 5 40
8 5 41
8 5 42
vessel3's berth allocation
0 36
0 37
0 38
0 39
0 40
0 41
0 42
0 43
==========================4===========================
vessel4's yard assignment
6 2 50
6 2 51
6 2 52
6 2 53
6 2 54
6 2 55
6 2 56
6 2 57
6 2 58
7 3 45
7 3 46
7 3 47
7 3 48
7 3 60
7 3 61
7 3 62
7 3 63
7 3 64
vessel4's berth allocation
0 45
0 46
0 47
0 48
0 49
0 50
0 51
0 52
0 53
0 54
0 55
0 56
0 57
0 58
0 59
0 60
0 61
0 62
0 63
0 64
0 65
==========================5===========================
vessel5's yard assignment
4 6 50
4 6 51
4 6 52
4 6 53
8 5 55
8 5 56
8 5 57
8 5 58
8 5 59
vessel5's berth allocation
1 50
1 51
1 52
1 53
1 54
1 55
1 56
1 57
1 58
1 59
1 60
==========================6===========================
vessel6's yard assignment
1 1 67
1 1 68
1 1 69
2 4 59
2 4 60
2 4 61
2 4 62
2 4 63
2 4 64
2 4 65
vessel6's berth allocation
2 59
2 60
2 61
2 62
2 63
2 64
2 65
2 66
2 67
2 68
2 69
2 70
==========================7===========================
vessel7's yard assignment
3 5 61
3 5 62
3 5 63
3 5 64
3 5 65
3 5 66
3 5 67
6 2 69
6 2 70
6 2 71
6 2 72
6 2 73
vessel7's berth allocation
1 61
1 62
1 63
1 64
1 65
1 66
1 67
1 68
1 69
1 70
1 71
1 72
1 73
1 74
==========================8===========================
vessel8's yard assignment
5 3 67
5 3 68
5 3 75
5 3 76
5 3 77
5 3 78
5 3 79
5 3 80
7 6 70
7 6 71
7 6 72
7 6 73
vessel8's berth allocation
0 67
0 68
0 69
0 70
0 71
0 72
0 73
0 74
0 75
0 76
0 77
0 78
0 79
0 80
0 81
==========================9===========================
vessel9's yard assignment
1 5 90
1 5 91
1 5 92
1 5 93
1 5 94
1 5 95
2 6 75
2 6 76
2 6 77
2 6 78
2 6 79
2 6 80
5 5 82
5 5 83
5 5 84
5 5 85
5 5 86
5 5 87
5 5 88
vessel9's berth allocation
1 75
1 76
1 77
1 78
1 79
1 80
1 81
1 82
1 83
1 84
1 85
1 86
1 87
1 88
1 89
1 90
1 91
1 92
1 93
1 94
1 95
1 96
==========================10===========================
vessel10's yard assignment
0 1 84
0 1 85
0 1 86
0 1 87
0 1 88
0 1 89
0 1 90
0 1 91
4 6 93
4 6 94
4 6 95
4 6 96
7 3 98
7 3 99
7 3 100
7 3 101
7 3 102
7 3 103
vessel10's berth allocation
2 84
2 85
2 86
2 87
2 88
2 89
2 90
2 91
2 92
2 93
2 94
2 95
2 96
2 97
2 98
2 99
2 100
2 101
2 102
2 103
2 104
==========================11===========================
vessel11's yard assignment
3 3 87
3 3 88
3 3 89
3 3 96
6 0 91
6 0 92
6 0 93
6 0 94
vessel11's berth allocation
0 87
0 88
0 89
0 90
0 91
0 92
0 93
0 94
0 95
0 96
0 97
==========================12===========================
vessel12's yard assignment
1 3 107
1 3 108
1 3 109
6 0 100
6 0 101
6 0 102
6 0 103
6 0 104
6 0 105
vessel12's berth allocation
0 100
0 101
0 102
0 103
0 104
0 105
0 106
0 107
0 108
0 109
0 110