Feas val 1167110
overall runtime 7200
root LS time: 22.94094249999999
root Cplex time 2450.2864792999985
root UB 1167110
root LB 1155792
IterNum 696
root ColumnNum 338
root Time 2477.9834091
Node Num total 5
==========================1===========================
vessel1's yard assignment
0 6 10
0 6 11
0 6 12
0 6 13
0 6 14
4 0 3
4 0 4
4 0 5
4 0 6
4 0 7
4 0 8
6 0 16
6 0 17
6 0 18
6 0 19
vessel1's berth allocation
0 3
0 4
0 5
0 6
0 7
0 8
0 9
0 10
0 11
0 12
0 13
0 14
0 15
0 16
0 17
0 18
0 19
0 20
==========================2===========================
vessel2's yard assignment
1 3 13
1 3 14
1 3 15
1 3 24
1 3 25
1 3 26
8 1 17
8 1 18
8 1 19
8 1 20
vessel2's berth allocation
1 13
1 14
1 15
1 16
1 17
1 18
1 19
1 20
1 21
1 22
1 23
1 24
1 25
1 26
1 27
==========================3===========================
vessel3's yard assignment
4 0 22
4 0 23
4 0 24
4 0 25
4 0 26
5 5 28
5 5 29
5 5 30
5 5 31
vessel3's berth allocation
2 22
2 23
2 24
2 25
2 26
2 27
2 28
2 29
2 30
2 31
2 32
==========================4===========================
vessel4's yard assignment
2 6 32
2 6 33
2 6 34
2 6 35
2 6 44
2 6 45
2 6 46
7 3 37
7 3 38
7 3 39
7 3 40
7 3 41
7 3 42
vessel4's berth allocation
0 32
0 33
0 34
0 35
0 36
0 37
0 38
0 39
0 40
0 41
0 42
0 43
0 44
0 45
0 46
0 47
==========================5===========================
vessel5's yard assignment
0 1 62
0 1 63
0 1 64
0 1 65
0 1 66
0 1 67
0 1 68
0 1 69
5 5 54
5 5 55
5 5 56
5 5 57
5 5 58
5 5 59
5 5 60
8 1 47
8 1 48
8 1 49
8 1 50
8 1 51
8 1 52
vessel5's berth allocation
1 47
1 48
1 49
1 50
1 51
1 52
1 53
1 54
1 55
1 56
1 57
1 58
1 59
1 60
1 61
1 62
1 63
1 64
1 65
1 66
1 67
1 68
1 69
1 70
==========================6===========================
vessel6's yard assignment
0 6 52
0 6 53
0 6 64
0 6 65
0 6 66
0 6 67
0 6 68
3 3 57
3 3 58
3 3 59
3 3 60
3 3 61
vessel6's berth allocation
2 52
2 53
2 54
2 55
2 56
2 57
2 58
2 59
2 60
2 61
2 62
2 63
2 64
2 65
2 66
2 67
2 68
2 69
==========================7===========================
vessel7's yard assignment
1 5 65
1 5 66
1 5 67
1 5 68
1 5 69
1 5 70
5 3 75
5 3 76
5 3 77
5 3 78
5 3 79
5 3 80
vessel7's berth allocation
0 65
0 66
0 67
0 68
0 69
0 70
0 71
0 72
0 73
0 74
0 75
0 76
0 77
0 78
0 79
0 80
0 81
==========================8===========================
vessel8's yard assignment
3 5 84
3 5 85
3 5 86
3 5 87
3 5 88
3 5 89
7 6 70
7 6 71
7 6 72
7 6 73
7 6 74
8 1 77
8 1 78
8 1 79
8 1 80
8 1 81
8 1 82
vessel8's berth allocation
2 70
2 71
2 72
2 73
2 74
2 75
2 76
2 77
2 78
2 79
2 80
2 81
2 82
2 83
2 84
2 85
2 86
2 87
2 88
2 89
2 90
==========================9===========================
vessel9's yard assignment
4 4 79
4 4 80
4 4 81
4 4 82
4 4 83
4 4 84
4 4 85
6 0 87
6 0 88
6 0 89
6 0 90
6 0 91
6 0 92
6 0 93
6 0 94
vessel9's berth allocation
1 79
1 80
1 81
1 82
1 83
1 84
1 85
1 86
1 87
1 88
1 89
1 90
1 91
1 92
1 93
1 94
1 95
==========================10===========================
vessel10's yard assignment
0 6 93
0 6 94
0 6 95
0 6 96
0 6 97
0 6 98
0 6 99
0 6 100
7 3 82
7 3 83
7 3 102
7 3 103
7 3 104
8 1 85
8 1 86
8 1 87
8 1 88
8 1 89
8 1 90
8 1 91
vessel10's berth allocation
0 82
0 83
0 84
0 85
0 86
0 87
0 88
0 89
0 90
0 91
0 92
0 93
0 94
0 95
0 96
0 97
0 98
0 99
0 100
0 101
0 102
0 103
0 104
0 105
==========================11===========================
vessel11's yard assignment
2 4 96
2 4 97
2 4 98
2 4 99
2 4 100
2 4 101
2 4 102
2 4 103
2 4 104
5 3 106
5 3 107
5 3 108
5 3 109
5 3 110
5 3 111
5 3 112
5 3 113
5 3 114
vessel11's berth allocation
1 96
1 97
1 98
1 99
1 100
1 101
1 102
1 103
1 104
1 105
1 106
1 107
1 108
1 109
1 110
1 111
1 112
1 113
1 114
1 115
==========================12===========================
vessel12's yard assignment
0 1 104
0 1 105
0 1 106
0 1 107
0 1 108
5 5 91
5 5 92
5 5 93
5 5 94
5 5 95
5 5 96
6 0 98
6 0 99
6 0 100
6 0 101
6 0 102
vessel12's berth allocation
2 91
2 92
2 93
2 94
2 95
2 96
2 97
2 98
2 99
2 100
2 101
2 102
2 103
2 104
2 105
2 106
2 107
2 108
2 109