Opt val 376810
overall runtime 264.783686
root LS time: 3.6999999999999985E-06
root Cplex time 229.48675559999992
root UB 385120
root LB 376810
IterNum 60
root ColumnNum 48
root Time 229.6904817
Node Num total 1
==========================1===========================
vessel1's yard assignment
0 5 4
0 5 5
0 5 6
1 5 8
1 5 9
1 5 10
1 5 11
vessel1's berth allocation
0 4
0 5
0 6
0 7
0 8
0 9
0 10
0 11
0 12
==========================2===========================
vessel2's yard assignment
0 5 13
0 5 14
0 5 15
0 5 16
0 5 17
0 5 18
1 3 6
1 3 7
1 3 8
1 3 9
1 3 10
1 3 11
2 2 20
2 2 21
2 2 22
vessel2's berth allocation
1 6
1 7
1 8
1 9
1 10
1 11
1 12
1 13
1 14
1 15
1 16
1 17
1 18
1 19
1 20
1 21
1 22
1 23
==========================3===========================
vessel3's yard assignment
4 0 18
4 0 19
4 0 20
4 0 21
4 0 22
4 0 23
6 2 14
6 2 15
6 2 16
7 6 9
7 6 10
7 6 11
7 6 12
vessel3's berth allocation
2 9
2 10
2 11
2 12
2 13
2 14
2 15
2 16
2 17
2 18
2 19
2 20
2 21
2 22
2 23
2 24
==========================4===========================
vessel4's yard assignment
3 5 25
3 5 26
3 5 27
3 5 28
3 5 29
3 5 30
3 5 31
3 5 32
3 5 33
4 6 14
4 6 15
4 6 16
4 6 17
4 6 18
4 6 19
4 6 20
4 6 21
vessel4's berth allocation
0 14
0 15
0 16
0 17
0 18
0 19
0 20
0 21
0 22
0 23
0 24
0 25
0 26
0 27
0 28
0 29
0 30
0 31
0 32
0 33
0 34
==========================5===========================
vessel5's yard assignment
2 6 32
2 6 33
2 6 34
2 6 35
6 0 26
6 0 27
6 0 28
6 0 29
6 0 30
6 0 42
7 3 37
7 3 38
7 3 39
7 3 40
vessel5's berth allocation
1 26
1 27
1 28
1 29
1 30
1 31
1 32
1 33
1 34
1 35
1 36
1 37
1 38
1 39
1 40
1 41
1 42
1 43