Opt val 392800
overall runtime 74.5743551
root LS time: 3.099999999999999E-06
root Cplex time 74.29078820000001
root UB 392800
root LB 392800
IterNum 40
root ColumnNum 27
root Time 74.4645679
Node Num total 1
==========================1===========================
vessel1's yard assignment
3 3 11
3 3 12
3 3 13
3 3 14
3 3 15
3 3 16
6 0 18
6 0 19
6 0 20
6 0 21
6 0 22
6 0 23
6 0 24
vessel1's berth allocation
0 11
0 12
0 13
0 14
0 15
0 16
0 17
0 18
0 19
0 20
0 21
0 22
0 23
0 24
0 25
==========================2===========================
vessel2's yard assignment
3 3 24
3 3 25
3 3 26
3 3 27
3 3 28
3 3 29
3 3 30
4 6 16
4 6 17
4 6 18
4 6 19
4 6 20
4 6 21
vessel2's berth allocation
1 16
1 17
1 18
1 19
1 20
1 21
1 22
1 23
1 24
1 25
1 26
1 27
1 28
1 29
1 30
1 31
==========================3===========================
vessel3's yard assignment
1 5 33
1 5 34
1 5 35
1 5 36
5 5 45
5 5 46
5 5 47
5 5 48
5 5 49
8 5 38
8 5 39
8 5 40
8 5 41
8 5 42
8 5 43
vessel3's berth allocation
0 33
0 34
0 35
0 36
0 37
0 38
0 39
0 40
0 41
0 42
0 43
0 44
0 45
0 46
0 47
0 48
0 49
0 50
==========================4===========================
vessel4's yard assignment
2 2 21
2 2 22
2 2 23
2 2 24
2 2 25
3 5 16
3 5 17
3 5 18
3 5 19
3 5 27
3 5 28
3 5 29
7 6 31
7 6 32
7 6 33
7 6 34
vessel4's berth allocation
2 16
2 17
2 18
2 19
2 20
2 21
2 22
2 23
2 24
2 25
2 26
2 27
2 28
2 29
2 30
2 31
2 32
2 33
2 34
2 35
==========================5===========================
vessel5's yard assignment
2 6 40
2 6 41
2 6 42
2 6 43
2 6 44
2 6 45
6 2 47
6 2 48
6 2 49
6 2 50
6 2 51
vessel5's berth allocation
1 40
1 41
1 42
1 43
1 44
1 45
1 46
1 47
1 48
1 49
1 50
1 51
1 52