Opt val 295870
overall runtime 77.544458
root LS time: 3.299999999999999E-06
root Cplex time 77.3400694
root UB 295870
root LB 295870
IterNum 30
root ColumnNum 18
root Time 77.4688748
Node Num total 1
==========================1===========================
vessel1's yard assignment
0 5 11
0 5 12
0 5 13
0 5 14
0 5 15
0 5 16
0 5 17
0 5 18
2 2 26
2 2 27
2 2 28
2 2 29
2 2 30
4 0 20
4 0 21
4 0 22
4 0 23
4 0 24
vessel1's berth allocation
0 11
0 12
0 13
0 14
0 15
0 16
0 17
0 18
0 19
0 20
0 21
0 22
0 23
0 24
0 25
0 26
0 27
0 28
0 29
0 30
0 31
==========================2===========================
vessel2's yard assignment
1 3 12
1 3 13
1 3 14
4 0 16
4 0 17
4 0 18
6 2 20
6 2 21
6 2 22
vessel2's berth allocation
1 12
1 13
1 14
1 15
1 16
1 17
1 18
1 19
1 20
1 21
1 22
1 23
==========================3===========================
vessel3's yard assignment
1 5 26
1 5 27
1 5 28
6 0 30
6 0 31
6 0 32
6 0 33
6 0 34
6 0 35
vessel3's berth allocation
2 26
2 27
2 28
2 29
2 30
2 31
2 32
2 33
2 34
2 35
2 36
==========================4===========================
vessel4's yard assignment
3 3 26
3 3 27
3 3 28
3 3 29
8 5 31
8 5 32
8 5 33
vessel4's berth allocation
1 26
1 27
1 28
1 29
1 30
1 31
1 32
1 33
1 34
==========================5===========================
vessel5's yard assignment
2 6 32
2 6 33
2 6 34
2 6 35
3 5 37
3 5 38
3 5 39
3 5 40
3 5 41
vessel5's berth allocation
0 32
0 33
0 34
0 35
0 36
0 37
0 38
0 39
0 40
0 41
0 42