Opt val 1030400
overall runtime 379.0125756
root LS time: 6.999999999999994E-06
root Cplex time 378.41731789999994
root UB 0
root LB 1030200
IterNum 168
root ColumnNum 108
root Time 378.9208807
Node Num total 1
==========================1===========================
vessel1's yard assignment
0 5 3
0 5 4
0 5 5
0 5 6
0 5 7
6 2 19
6 2 20
6 2 21
6 2 22
7 3 9
7 3 10
7 3 11
7 3 12
7 3 13
7 3 14
7 3 15
7 3 16
7 3 17
vessel1's berth allocation
1 3
1 4
1 5
1 6
1 7
1 8
1 9
1 10
1 11
1 12
1 13
1 14
1 15
1 16
1 17
1 18
1 19
1 20
1 21
1 22
1 23
==========================2===========================
vessel2's yard assignment
1 3 24
1 3 25
1 3 26
1 3 27
1 3 28
8 5 11
8 5 12
8 5 13
8 5 14
8 5 15
8 5 16
8 5 17
8 5 18
8 5 19
vessel2's berth allocation
2 11
2 12
2 13
2 14
2 15
2 16
2 17
2 18
2 19
2 20
2 21
2 22
2 23
2 24
2 25
2 26
2 27
2 28
2 29
==========================3===========================
vessel3's yard assignment
2 6 15
2 6 16
2 6 17
2 6 18
2 6 19
2 6 20
6 0 22
6 0 23
6 0 24
6 0 25
6 0 26
8 1 28
8 1 29
8 1 30
8 1 31
8 1 32
8 1 33
8 1 34
8 1 35
vessel3's berth allocation
0 15
0 16
0 17
0 18
0 19
0 20
0 21
0 22
0 23
0 24
0 25
0 26
0 27
0 28
0 29
0 30
0 31
0 32
0 33
0 34
0 35
0 36
==========================4===========================
vessel4's yard assignment
3 5 34
3 5 35
3 5 36
3 5 37
3 5 38
3 5 39
7 6 28
7 6 29
7 6 30
7 6 31
7 6 32
7 6 41
7 6 42
7 6 43
vessel4's berth allocation
1 28
1 29
1 30
1 31
1 32
1 33
1 34
1 35
1 36
1 37
1 38
1 39
1 40
1 41
1 42
1 43
1 44
==========================5===========================
vessel5's yard assignment
4 6 47
4 6 48
4 6 49
4 6 50
4 6 51
4 6 52
4 6 53
6 0 43
6 0 44
6 0 45
6 0 55
6 0 56
6 0 57
7 3 35
7 3 36
7 3 37
7 3 38
7 3 39
7 3 40
7 3 41
vessel5's berth allocation
2 35
2 36
2 37
2 38
2 39
2 40
2 41
2 42
2 43
2 44
2 45
2 46
2 47
2 48
2 49
2 50
2 51
2 52
2 53
2 54
2 55
2 56
2 57
2 58
==========================6===========================
vessel6's yard assignment
5 5 43
5 5 44
5 5 54
5 5 55
5 5 56
5 5 57
5 5 58
8 1 46
8 1 47
8 1 48
8 1 49
8 1 50
8 1 51
8 1 52
vessel6's berth allocation
0 43
0 44
0 45
0 46
0 47
0 48
0 49
0 50
0 51
0 52
0 53
0 54
0 55
0 56
0 57
0 58
0 59
==========================7===========================
vessel7's yard assignment
0 5 60
0 5 61
0 5 62
0 5 63
3 5 65
3 5 66
3 5 67
3 5 68
6 2 51
6 2 52
6 2 53
6 2 54
6 2 55
6 2 56
6 2 57
6 2 58
vessel7's berth allocation
1 51
1 52
1 53
1 54
1 55
1 56
1 57
1 58
1 59
1 60
1 61
1 62
1 63
1 64
1 65
1 66
1 67
1 68
1 69
==========================8===========================
vessel8's yard assignment
1 3 59
1 3 60
1 3 61
1 3 62
1 3 63
7 6 65
7 6 66
7 6 67
7 6 68
7 6 69
7 6 70
7 6 71
7 6 72
7 6 73
vessel8's berth allocation
2 59
2 60
2 61
2 62
2 63
2 64
2 65
2 66
2 67
2 68
2 69
2 70
2 71
2 72
2 73
2 74
==========================9===========================
vessel9's yard assignment
2 2 70
2 2 71
2 2 72
2 2 73
4 0 67
4 0 68
4 0 75
4 0 76
4 0 77
8 1 79
8 1 80
8 1 81
8 1 82
8 1 83
8 1 84
8 1 85
vessel9's berth allocation
0 67
0 68
0 69
0 70
0 71
0 72
0 73
0 74
0 75
0 76
0 77
0 78
0 79
0 80
0 81
0 82
0 83
0 84
0 85
0 86
==========================10===========================
vessel10's yard assignment
0 6 75
0 6 76
0 6 77
0 6 78
0 6 79
0 6 80
3 3 82
3 3 83
3 3 84
3 3 85
3 3 86
3 3 87
3 3 88
3 3 89
vessel10's berth allocation
2 75
2 76
2 77
2 78
2 79
2 80
2 81
2 82
2 83
2 84
2 85
2 86
2 87
2 88
2 89
2 90
==========================11===========================
vessel11's yard assignment
1 5 90
1 5 91
1 5 92
1 5 93
2 6 95
2 6 96
2 6 97
2 6 98
2 6 99
2 6 100
5 5 83
5 5 84
5 5 85
5 5 86
5 5 87
5 5 88
vessel11's berth allocation
1 83
1 84
1 85
1 86
1 87
1 88
1 89
1 90
1 91
1 92
1 93
1 94
1 95
1 96
1 97
1 98
1 99
1 100
1 101
==========================12===========================
vessel12's yard assignment
4 0 94
4 0 95
4 0 96
4 0 97
4 0 98
4 0 99
4 0 100
5 3 102
5 3 103
5 3 104
5 3 105
5 3 106
5 3 107
5 3 108
vessel12's berth allocation
0 94
0 95
0 96
0 97
0 98
0 99
0 100
0 101
0 102
0 103
0 104
0 105
0 106
0 107
0 108
0 109