Opt val 1116180
overall runtime 4572.9356482
root LS time: 2.1499999999999997E-05
root Cplex time 3764.341464699999
root UB 1116180
root LB 1115535
IterNum 720
root ColumnNum 312
root Time 3772.055436
Node Num total 1
==========================1===========================
vessel1's yard assignment
0 5 10
0 5 11
0 5 12
0 5 13
0 5 14
4 0 3
4 0 4
4 0 5
4 0 6
4 0 7
4 0 8
6 0 16
6 0 17
6 0 18
6 0 19
vessel1's berth allocation
0 3
0 4
0 5
0 6
0 7
0 8
0 9
0 10
0 11
0 12
0 13
0 14
0 15
0 16
0 17
0 18
0 19
0 20
==========================2===========================
vessel2's yard assignment
1 3 13
1 3 14
1 3 15
1 3 24
1 3 25
1 3 26
8 1 17
8 1 18
8 1 19
8 1 20
vessel2's berth allocation
2 13
2 14
2 15
2 16
2 17
2 18
2 19
2 20
2 21
2 22
2 23
2 24
2 25
2 26
2 27
==========================3===========================
vessel3's yard assignment
4 0 22
4 0 23
4 0 24
4 0 25
4 0 26
5 5 28
5 5 29
5 5 30
5 5 31
vessel3's berth allocation
0 22
0 23
0 24
0 25
0 26
0 27
0 28
0 29
0 30
0 31
0 32
==========================4===========================
vessel4's yard assignment
2 6 32
2 6 33
2 6 42
2 6 43
2 6 44
2 6 45
2 6 46
7 3 35
7 3 36
7 3 37
7 3 38
7 3 39
7 3 40
vessel4's berth allocation
1 32
1 33
1 34
1 35
1 36
1 37
1 38
1 39
1 40
1 41
1 42
1 43
1 44
1 45
1 46
1 47
==========================5===========================
vessel5's yard assignment
0 1 62
0 1 63
0 1 64
0 1 65
0 1 66
0 1 67
0 1 68
0 1 69
5 5 54
5 5 55
5 5 56
5 5 57
5 5 58
5 5 59
5 5 60
8 1 47
8 1 48
8 1 49
8 1 50
8 1 51
8 1 52
vessel5's berth allocation
0 47
0 48
0 49
0 50
0 51
0 52
0 53
0 54
0 55
0 56
0 57
0 58
0 59
0 60
0 61
0 62
0 63
0 64
0 65
0 66
0 67
0 68
0 69
0 70
==========================6===========================
vessel6's yard assignment
0 6 52
0 6 53
0 6 64
0 6 65
0 6 66
0 6 67
0 6 68
3 3 57
3 3 58
3 3 59
3 3 60
3 3 61
vessel6's berth allocation
1 52
1 53
1 54
1 55
1 56
1 57
1 58
1 59
1 60
1 61
1 62
1 63
1 64
1 65
1 66
1 67
1 68
1 69
==========================7===========================
vessel7's yard assignment
1 1 77
1 1 78
1 1 79
1 1 80
1 1 81
1 1 82
5 6 70
5 6 71
5 6 72
5 6 73
5 6 74
5 6 75
vessel7's berth allocation
1 70
1 71
1 72
1 73
1 74
1 75
1 76
1 77
1 78
1 79
1 80
1 81
1 82
1 83
==========================8===========================
vessel8's yard assignment
3 3 75
3 3 76
3 3 77
3 3 78
3 3 79
3 3 80
7 3 82
7 3 83
7 3 84
7 3 85
7 3 86
8 5 66
8 5 67
8 5 68
8 5 69
8 5 70
8 5 71
vessel8's berth allocation
2 66
2 67
2 68
2 69
2 70
2 71
2 72
2 73
2 74
2 75
2 76
2 77
2 78
2 79
2 80
2 81
2 82
2 83
2 84
2 85
2 86
2 87
==========================9===========================
vessel9's yard assignment
4 4 79
4 4 80
4 4 81
4 4 82
4 4 83
4 4 84
4 4 85
6 0 87
6 0 88
6 0 89
6 0 90
6 0 91
6 0 92
6 0 93
6 0 94
vessel9's berth allocation
0 79
0 80
0 81
0 82
0 83
0 84
0 85
0 86
0 87
0 88
0 89
0 90
0 91
0 92
0 93
0 94
0 95
==========================10===========================
vessel10's yard assignment
0 6 92
0 6 93
0 6 94
0 6 95
0 6 96
0 6 97
0 6 98
0 6 99
7 3 101
7 3 102
7 3 103
7 3 104
7 3 105
8 1 84
8 1 85
8 1 86
8 1 87
8 1 88
8 1 89
8 1 90
vessel10's berth allocation
1 84
1 85
1 86
1 87
1 88
1 89
1 90
1 91
1 92
1 93
1 94
1 95
1 96
1 97
1 98
1 99
1 100
1 101
1 102
1 103
1 104
1 105
1 106
==========================11===========================
vessel11's yard assignment
2 2 98
2 2 99
2 2 100
2 2 101
2 2 102
2 2 103
2 2 104
2 2 105
2 2 106
5 5 88
5 5 89
5 5 90
5 5 91
5 5 92
5 5 93
5 5 94
5 5 95
5 5 96
vessel11's berth allocation
2 88
2 89
2 90
2 91
2 92
2 93
2 94
2 95
2 96
2 97
2 98
2 99
2 100
2 101
2 102
2 103
2 104
2 105
2 106
2 107
==========================12===========================
vessel12's yard assignment
0 6 102
0 6 103
0 6 104
0 6 105
0 6 106
5 3 108
5 3 109
5 3 110
5 3 111
5 3 112
5 3 113
6 0 96
6 0 97
6 0 98
6 0 99
6 0 100
vessel12's berth allocation
0 96
0 97
0 98
0 99
0 100
0 101
0 102
0 103
0 104
0 105
0 106
0 107
0 108
0 109
0 110
0 111
0 112
0 113
0 114