Opt val 832400
overall runtime 717.5193202
root LS time: 21.4166095
root Cplex time 691.5681235999999
root UB 832400
root LB 832400
IterNum 300
root ColumnNum 115
root Time 714.1475367
Node Num total 1
==========================1===========================
vessel1's yard assignment
2 6 10
2 6 11
2 6 12
2 6 13
2 6 14
4 0 6
4 0 7
4 0 8
vessel1's berth allocation
0 6
0 7
0 8
0 9
0 10
0 11
0 12
0 13
0 14
0 15
==========================2===========================
vessel2's yard assignment
1 5 12
1 5 13
1 5 14
1 5 15
1 5 16
1 5 17
2 6 19
2 6 20
2 6 21
vessel2's berth allocation
1 12
1 13
1 14
1 15
1 16
1 17
1 18
1 19
1 20
1 21
1 22
==========================3===========================
vessel3's yard assignment
0 7 22
0 7 23
0 7 24
0 7 25
0 7 26
5 6 28
5 6 29
5 6 30
5 6 31
5 6 32
5 6 33
5 6 34
5 6 35
8 1 17
8 1 18
8 1 19
8 1 20
vessel3's berth allocation
2 17
2 18
2 19
2 20
2 21
2 22
2 23
2 24
2 25
2 26
2 27
2 28
2 29
2 30
2 31
2 32
2 33
2 34
2 35
2 36
==========================4===========================
vessel4's yard assignment
2 2 31
2 2 32
2 2 33
3 5 25
3 5 26
3 5 27
3 5 28
3 5 29
4 0 20
4 0 21
4 0 22
4 0 23
vessel4's berth allocation
0 20
0 21
0 22
0 23
0 24
0 25
0 26
0 27
0 28
0 29
0 30
0 31
0 32
0 33
0 34
==========================5===========================
vessel5's yard assignment
1 3 24
1 3 25
1 3 26
5 3 28
5 3 29
5 3 30
vessel5's berth allocation
1 24
1 25
1 26
1 27
1 28
1 29
1 30
1 31
==========================6===========================
vessel6's yard assignment
0 5 47
0 5 48
0 5 49
3 5 32
3 5 33
3 5 34
3 5 35
3 5 36
7 3 38
7 3 39
7 3 40
7 3 41
7 3 42
7 3 43
7 3 44
7 3 45
vessel6's berth allocation
1 32
1 33
1 34
1 35
1 36
1 37
1 38
1 39
1 40
1 41
1 42
1 43
1 44
1 45
1 46
1 47
1 48
1 49
1 50
==========================7===========================
vessel7's yard assignment
3 5 38
3 5 39
3 5 40
3 5 41
3 5 42
3 5 43
5 6 45
5 6 46
5 6 47
vessel7's berth allocation
0 38
0 39
0 40
0 41
0 42
0 43
0 44
0 45
0 46
0 47
0 48
==========================8===========================
vessel8's yard assignment
6 2 43
6 2 44
6 2 45
6 2 46
6 2 47
6 2 48
6 2 49
6 2 50
6 2 51
8 5 54
8 5 55
8 5 56
8 5 57
8 5 58
8 5 59
8 5 60
8 5 61
8 5 62
vessel8's berth allocation
2 43
2 44
2 45
2 46
2 47
2 48
2 49
2 50
2 51
2 52
2 53
2 54
2 55
2 56
2 57
2 58
2 59
2 60
2 61
2 62
2 63
==========================9===========================
vessel9's yard assignment
0 7 50
0 7 51
0 7 52
0 7 53
0 7 54
0 7 55
4 0 57
4 0 58
4 0 59
4 0 60
vessel9's berth allocation
0 50
0 51
0 52
0 53
0 54
0 55
0 56
0 57
0 58
0 59
0 60
0 61
==========================10===========================
vessel10's yard assignment
0 7 61
0 7 62
0 7 63
2 4 52
2 4 53
2 4 54
6 2 56
6 2 57
6 2 58
6 2 59
vessel10's berth allocation
1 52
1 53
1 54
1 55
1 56
1 57
1 58
1 59
1 60
1 61
1 62
1 63
1 64
==========================11===========================
vessel11's yard assignment
1 8 70
1 8 71
1 8 72
1 8 73
7 3 62
7 3 63
7 3 64
7 3 65
7 3 66
7 3 67
7 3 68
vessel11's berth allocation
0 62
0 63
0 64
0 65
0 66
0 67
0 68
0 69
0 70
0 71
0 72
0 73
0 74
==========================12===========================
vessel12's yard assignment
2 6 66
2 6 67
2 6 68
2 6 69
4 6 71
4 6 72
4 6 73
4 6 74
4 6 75
vessel12's berth allocation
1 66
1 67
1 68
1 69
1 70
1 71
1 72
1 73
1 74
1 75
1 76