Opt val 1008700
overall runtime 4406.5579668
root LS time: 43.66664349999999
root Cplex time 4358.5991739
root UB 1008700
root LB 1008250
IterNum 564
root ColumnNum 293
root Time 4406.2084094
Node Num total 1
==========================1===========================
vessel1's yard assignment
3 5 8
3 5 9
3 5 10
3 5 11
3 5 12
8 5 14
8 5 15
8 5 16
8 5 17
8 5 18
8 5 19
vessel1's berth allocation
2 8
2 9
2 10
2 11
2 12
2 13
2 14
2 15
2 16
2 17
2 18
2 19
2 20
==========================2===========================
vessel2's yard assignment
2 2 21
2 2 22
2 2 23
5 6 17
5 6 18
5 6 19
vessel2's berth allocation
0 17
0 18
0 19
0 20
0 21
0 22
0 23
0 24
==========================3===========================
vessel3's yard assignment
1 5 27
1 5 28
1 5 29
1 5 30
6 0 22
6 0 23
6 0 24
6 0 25
vessel3's berth allocation
1 22
1 23
1 24
1 25
1 26
1 27
1 28
1 29
1 30
1 31
==========================4===========================
vessel4's yard assignment
4 4 24
4 4 25
4 4 26
4 4 27
4 4 28
4 4 29
6 0 31
6 0 32
6 0 33
6 0 34
6 0 35
7 3 37
7 3 38
7 3 39
7 3 40
7 3 41
vessel4's berth allocation
2 24
2 25
2 26
2 27
2 28
2 29
2 30
2 31
2 32
2 33
2 34
2 35
2 36
2 37
2 38
2 39
2 40
2 41
2 42
==========================5===========================
vessel5's yard assignment
1 5 37
1 5 38
1 5 39
1 5 40
1 5 41
2 2 43
2 2 44
2 2 45
2 2 46
2 2 47
2 2 48
5 6 29
5 6 30
5 6 31
5 6 32
5 6 33
5 6 34
5 6 35
vessel5's berth allocation
0 29
0 30
0 31
0 32
0 33
0 34
0 35
0 36
0 37
0 38
0 39
0 40
0 41
0 42
0 43
0 44
0 45
0 46
0 47
0 48
0 49
==========================6===========================
vessel6's yard assignment
0 7 32
0 7 33
0 7 34
0 7 35
0 7 36
0 7 37
4 6 40
4 6 41
4 6 42
4 6 43
4 6 44
4 6 45
4 6 46
4 6 47
vessel6's berth allocation
1 32
1 33
1 34
1 35
1 36
1 37
1 38
1 39
1 40
1 41
1 42
1 43
1 44
1 45
1 46
1 47
1 48
==========================7===========================
vessel7's yard assignment
0 5 43
0 5 44
0 5 45
0 5 46
0 5 47
0 5 48
0 5 49
7 7 51
7 7 52
7 7 53
7 7 54
7 7 55
7 7 56
7 7 57
7 7 58
7 7 59
vessel7's berth allocation
2 43
2 44
2 45
2 46
2 47
2 48
2 49
2 50
2 51
2 52
2 53
2 54
2 55
2 56
2 57
2 58
2 59
2 60
==========================8===========================
vessel8's yard assignment
2 6 49
2 6 50
2 6 51
3 8 53
3 8 54
3 8 55
3 8 56
3 8 57
4 0 59
4 0 60
4 0 61
4 0 62
4 0 63
4 0 64
4 0 65
vessel8's berth allocation
1 49
1 50
1 51
1 52
1 53
1 54
1 55
1 56
1 57
1 58
1 59
1 60
1 61
1 62
1 63
1 64
1 65
1 66
==========================9===========================
vessel9's yard assignment
0 5 58
0 5 59
0 5 60
0 5 61
0 5 62
0 5 63
6 2 50
6 2 51
6 2 52
6 2 53
6 2 54
6 2 55
6 2 56
vessel9's berth allocation
0 50
0 51
0 52
0 53
0 54
0 55
0 56
0 57
0 58
0 59
0 60
0 61
0 62
0 63
0 64
==========================10===========================
vessel10's yard assignment
0 7 68
0 7 69
0 7 70
0 7 71
0 7 72
0 7 73
0 7 74
3 3 76
3 3 77
3 3 78
3 3 79
7 3 61
7 3 62
7 3 63
7 3 64
7 3 65
7 3 66
vessel10's berth allocation
2 61
2 62
2 63
2 64
2 65
2 66
2 67
2 68
2 69
2 70
2 71
2 72
2 73
2 74
2 75
2 76
2 77
2 78
2 79
2 80
==========================11===========================
vessel11's yard assignment
4 6 71
4 6 72
4 6 73
4 6 74
4 6 75
4 6 76
8 5 65
8 5 66
8 5 67
8 5 68
8 5 69
vessel11's berth allocation
0 65
0 66
0 67
0 68
0 69
0 70
0 71
0 72
0 73
0 74
0 75
0 76
0 77
==========================12===========================
vessel12's yard assignment
1 8 71
1 8 72
1 8 73
1 8 74
4 0 76
4 0 77
4 0 78
4 0 79
4 0 80
4 0 81
4 0 92
8 5 83
8 5 84
8 5 85
8 5 86
8 5 87
8 5 88
8 5 89
8 5 90
vessel12's berth allocation
1 71
1 72
1 73
1 74
1 75
1 76
1 77
1 78
1 79
1 80
1 81
1 82
1 83
1 84
1 85
1 86
1 87
1 88
1 89
1 90
1 91
1 92
1 93