Opt val 1007950
overall runtime 1723.5892073
root LS time: 26.4381212
root Cplex time 1695.2180124
root UB 1007950
root LB 1007900
IterNum 384
root ColumnNum 154
root Time 1723.4014789
Node Num total 1
==========================1===========================
vessel1's yard assignment
2 6 11
2 6 12
2 6 13
2 6 14
2 6 15
4 0 17
4 0 18
4 0 19
4 0 20
4 0 21
4 0 22
4 0 23
7 3 6
7 3 7
7 3 8
7 3 9
vessel1's berth allocation
0 6
0 7
0 8
0 9
0 10
0 11
0 12
0 13
0 14
0 15
0 16
0 17
0 18
0 19
0 20
0 21
0 22
0 23
0 24
==========================2===========================
vessel2's yard assignment
5 5 9
5 5 10
5 5 11
5 5 12
5 5 13
5 5 14
5 5 15
5 5 16
6 2 18
6 2 19
6 2 20
6 2 21
6 2 22
6 2 23
6 2 24
vessel2's berth allocation
1 9
1 10
1 11
1 12
1 13
1 14
1 15
1 16
1 17
1 18
1 19
1 20
1 21
1 22
1 23
1 24
1 25
==========================3===========================
vessel3's yard assignment
2 7 20
2 7 21
2 7 22
2 7 23
5 3 14
5 3 15
5 3 16
5 3 17
5 3 18
vessel3's berth allocation
2 14
2 15
2 16
2 17
2 18
2 19
2 20
2 21
2 22
2 23
2 24
==========================4===========================
vessel4's yard assignment
3 5 37
3 5 38
3 5 39
3 5 40
3 5 41
6 0 30
6 0 31
6 0 32
6 0 33
6 0 34
6 0 35
7 3 25
7 3 26
7 3 27
7 3 28
vessel4's berth allocation
0 25
0 26
0 27
0 28
0 29
0 30
0 31
0 32
0 33
0 34
0 35
0 36
0 37
0 38
0 39
0 40
0 41
0 42
==========================5===========================
vessel5's yard assignment
0 6 28
0 6 29
0 6 30
0 6 31
4 6 41
4 6 42
4 6 43
4 6 44
4 6 45
4 6 46
8 1 33
8 1 34
8 1 35
8 1 36
8 1 37
8 1 38
8 1 39
vessel5's berth allocation
2 28
2 29
2 30
2 31
2 32
2 33
2 34
2 35
2 36
2 37
2 38
2 39
2 40
2 41
2 42
2 43
2 44
2 45
2 46
2 47
==========================6===========================
vessel6's yard assignment
7 3 36
7 3 37
7 3 38
7 3 39
7 3 40
7 3 41
8 5 31
8 5 32
8 5 33
8 5 34
vessel6's berth allocation
1 31
1 32
1 33
1 34
1 35
1 36
1 37
1 38
1 39
1 40
1 41
1 42
==========================7===========================
vessel7's yard assignment
0 5 43
0 5 44
0 5 45
0 5 46
0 5 47
3 8 49
3 8 50
3 8 51
3 8 52
3 8 53
3 8 54
vessel7's berth allocation
0 43
0 44
0 45
0 46
0 47
0 48
0 49
0 50
0 51
0 52
0 53
0 54
0 55
==========================8===========================
vessel8's yard assignment
7 7 52
7 7 53
7 7 54
7 7 55
7 7 56
7 7 57
8 1 44
8 1 45
8 1 46
8 1 47
8 1 48
8 1 49
8 1 50
vessel8's berth allocation
1 44
1 45
1 46
1 47
1 48
1 49
1 50
1 51
1 52
1 53
1 54
1 55
1 56
1 57
1 58
==========================9===========================
vessel9's yard assignment
2 6 48
2 6 49
2 6 50
2 6 51
6 2 53
6 2 54
6 2 55
6 2 56
6 2 57
vessel9's berth allocation
2 48
2 49
2 50
2 51
2 52
2 53
2 54
2 55
2 56
2 57
2 58
==========================10===========================
vessel10's yard assignment
2 7 64
2 7 65
2 7 66
2 7 67
2 7 68
2 7 69
2 7 70
4 0 56
4 0 57
4 0 58
4 0 59
4 0 60
4 0 61
4 0 62
6 2 72
6 2 73
6 2 74
6 2 75
6 2 76
6 2 77
vessel10's berth allocation
0 56
0 57
0 58
0 59
0 60
0 61
0 62
0 63
0 64
0 65
0 66
0 67
0 68
0 69
0 70
0 71
0 72
0 73
0 74
0 75
0 76
0 77
0 78
==========================11===========================
vessel11's yard assignment
3 5 59
3 5 60
3 5 61
3 5 62
4 6 71
4 6 72
4 6 73
4 6 74
4 6 75
4 6 76
5 5 64
5 5 65
5 5 66
5 5 67
5 5 68
5 5 69
vessel11's berth allocation
1 59
1 60
1 61
1 62
1 63
1 64
1 65
1 66
1 67
1 68
1 69
1 70
1 71
1 72
1 73
1 74
1 75
1 76
1 77
==========================12===========================
vessel12's yard assignment
0 1 77
0 1 78
0 1 79
0 1 80
0 1 81
0 1 82
0 1 83
0 1 84
3 8 71
3 8 72
3 8 73
3 8 74
3 8 75
vessel12's berth allocation
2 71
2 72
2 73
2 74
2 75
2 76
2 77
2 78
2 79
2 80
2 81
2 82
2 83
2 84
2 85