Feas val 902000
overall runtime 7200
root LS time: 21.19176060000002
root Cplex time 1172.5226823999997
root UB 903500
root LB 900350
IterNum 420
root ColumnNum 212
root Time 1196.051568
Node Num total 18
==========================1===========================
vessel1's yard assignment
5 6 15
5 6 16
5 6 17
5 6 18
5 6 19
5 6 20
5 6 21
5 6 32
5 6 33
8 5 25
8 5 26
8 5 27
8 5 28
8 5 29
8 5 30
8 5 35
8 5 36
8 5 37
vessel1's berth allocation
0 15
0 16
0 17
0 18
0 19
0 20
0 21
0 22
0 23
0 24
0 25
0 26
0 27
0 28
0 29
0 30
0 31
0 32
0 33
0 34
0 35
0 36
0 37
0 38
==========================2===========================
vessel2's yard assignment
7 3 24
7 3 25
7 3 26
7 3 27
7 3 28
8 1 30
8 1 31
8 1 32
8 1 33
vessel2's berth allocation
2 24
2 25
2 26
2 27
2 28
2 29
2 30
2 31
2 32
2 33
2 34
==========================3===========================
vessel3's yard assignment
0 6 43
0 6 44
0 6 45
0 6 46
3 3 35
3 3 36
3 3 37
3 3 38
3 3 39
3 3 40
3 3 41
vessel3's berth allocation
2 35
2 36
2 37
2 38
2 39
2 40
2 41
2 42
2 43
2 44
2 45
2 46
2 47
==========================4===========================
vessel4's yard assignment
1 5 40
1 5 41
1 5 42
5 5 44
5 5 45
5 5 46
5 5 47
5 5 48
vessel4's berth allocation
1 40
1 41
1 42
1 43
1 44
1 45
1 46
1 47
1 48
1 49
==========================5===========================
vessel5's yard assignment
0 1 47
0 1 48
0 1 49
0 1 50
4 4 52
4 4 53
4 4 54
5 3 43
5 3 44
5 3 45
vessel5's berth allocation
0 43
0 44
0 45
0 46
0 47
0 48
0 49
0 50
0 51
0 52
0 53
0 54
0 55
==========================6===========================
vessel6's yard assignment
4 6 48
4 6 49
4 6 50
7 7 52
7 7 53
7 7 54
7 7 55
vessel6's berth allocation
2 48
2 49
2 50
2 51
2 52
2 53
2 54
2 55
2 56
==========================7===========================
vessel7's yard assignment
3 8 51
3 8 52
3 8 53
3 8 54
3 8 55
3 8 56
3 8 57
4 4 59
4 4 60
4 4 61
4 4 62
4 4 63
4 4 64
4 4 65
4 4 66
vessel7's berth allocation
1 51
1 52
1 53
1 54
1 55
1 56
1 57
1 58
1 59
1 60
1 61
1 62
1 63
1 64
1 65
1 66
1 67
==========================8===========================
vessel8's yard assignment
0 5 63
0 5 64
0 5 65
0 5 66
0 5 67
0 5 68
0 5 69
2 6 71
2 6 72
2 6 73
2 6 74
2 6 75
6 0 56
6 0 57
6 0 58
6 0 59
6 0 60
6 0 61
vessel8's berth allocation
0 56
0 57
0 58
0 59
0 60
0 61
0 62
0 63
0 64
0 65
0 66
0 67
0 68
0 69
0 70
0 71
0 72
0 73
0 74
0 75
0 76
==========================9===========================
vessel9's yard assignment
2 2 68
2 2 69
2 2 70
6 2 72
6 2 73
6 2 74
vessel9's berth allocation
1 68
1 69
1 70
1 71
1 72
1 73
1 74
1 75
==========================10===========================
vessel10's yard assignment
2 7 69
2 7 70
2 7 71
2 7 72
2 7 73
2 7 74
2 7 75
2 7 76
7 3 85
7 3 86
7 3 87
7 3 88
7 3 89
8 1 78
8 1 79
8 1 80
8 1 81
8 1 82
8 1 83
vessel10's berth allocation
2 69
2 70
2 71
2 72
2 73
2 74
2 75
2 76
2 77
2 78
2 79
2 80
2 81
2 82
2 83
2 84
2 85
2 86
2 87
2 88
2 89
2 90
==========================11===========================
vessel11's yard assignment
1 5 83
1 5 84
1 5 85
1 5 86
1 5 87
1 5 88
1 5 89
4 0 76
4 0 77
4 0 78
4 0 79
4 0 80
4 0 81
8 5 91
8 5 92
8 5 93
8 5 94
8 5 95
8 5 96
vessel11's berth allocation
1 76
1 77
1 78
1 79
1 80
1 81
1 82
1 83
1 84
1 85
1 86
1 87
1 88
1 89
1 90
1 91
1 92
1 93
1 94
1 95
1 96
1 97
==========================12===========================
vessel12's yard assignment
2 6 77
2 6 78
2 6 79
7 3 81
7 3 82
7 3 83
vessel12's berth allocation
0 77
0 78
0 79
0 80
0 81
0 82
0 83
0 84