Opt val 927630
overall runtime 1916.612886
root LS time: 17.1390794
root Cplex time 425.40578220000003
root UB 930030
root LB 925629.9999999998
IterNum 204
root ColumnNum 131
root Time 443.3180749
Node Num total 10
==========================1===========================
vessel1's yard assignment
0 5 13
0 5 14
0 5 15
0 5 16
0 5 17
1 3 24
1 3 25
1 3 26
1 3 27
1 3 28
1 3 29
1 3 30
2 2 19
2 2 20
2 2 21
2 2 22
vessel1's berth allocation
0 13
0 14
0 15
0 16
0 17
0 18
0 19
0 20
0 21
0 22
0 23
0 24
0 25
0 26
0 27
0 28
0 29
0 30
0 31
==========================2===========================
vessel2's yard assignment
0 5 31
0 5 32
0 5 33
0 5 34
4 0 25
4 0 26
4 0 27
4 0 28
4 0 29
5 5 36
5 5 37
5 5 38
5 5 39
5 5 40
5 5 41
vessel2's berth allocation
1 25
1 26
1 27
1 28
1 29
1 30
1 31
1 32
1 33
1 34
1 35
1 36
1 37
1 38
1 39
1 40
1 41
1 42
==========================3===========================
vessel3's yard assignment
2 7 37
2 7 38
2 7 39
2 7 40
2 7 41
2 7 42
2 7 43
6 0 45
6 0 46
6 0 47
6 0 48
6 0 49
8 1 29
8 1 30
8 1 31
8 1 32
8 1 33
8 1 34
8 1 35
vessel3's berth allocation
2 29
2 30
2 31
2 32
2 33
2 34
2 35
2 36
2 37
2 38
2 39
2 40
2 41
2 42
2 43
2 44
2 45
2 46
2 47
2 48
2 49
2 50
==========================4===========================
vessel4's yard assignment
4 6 32
4 6 33
4 6 34
4 6 35
4 6 41
4 6 42
5 3 37
5 3 38
5 3 39
vessel4's berth allocation
0 32
0 33
0 34
0 35
0 36
0 37
0 38
0 39
0 40
0 41
0 42
0 43
==========================5===========================
vessel5's yard assignment
1 5 54
1 5 55
1 5 56
1 5 57
1 5 58
1 5 59
5 3 44
5 3 45
5 3 46
5 3 47
7 6 49
7 6 50
7 6 51
7 6 52
vessel5's berth allocation
1 44
1 45
1 46
1 47
1 48
1 49
1 50
1 51
1 52
1 53
1 54
1 55
1 56
1 57
1 58
1 59
1 60
==========================6===========================
vessel6's yard assignment
1 8 49
1 8 50
1 8 51
8 5 45
8 5 46
8 5 47
vessel6's berth allocation
0 45
0 46
0 47
0 48
0 49
0 50
0 51
0 52
==========================7===========================
vessel7's yard assignment
3 8 65
3 8 66
3 8 67
3 8 68
3 8 69
3 8 70
3 8 71
3 8 72
3 8 73
6 0 55
6 0 56
6 0 57
6 0 58
6 0 59
6 0 60
6 0 61
6 0 62
6 0 63
vessel7's berth allocation
2 55
2 56
2 57
2 58
2 59
2 60
2 61
2 62
2 63
2 64
2 65
2 66
2 67
2 68
2 69
2 70
2 71
2 72
2 73
2 74
==========================8===========================
vessel8's yard assignment
3 3 59
3 3 60
3 3 61
3 3 62
7 7 68
7 7 69
7 7 70
7 7 71
7 7 72
7 7 73
7 7 74
8 5 64
8 5 65
8 5 66
vessel8's berth allocation
0 59
0 60
0 61
0 62
0 63
0 64
0 65
0 66
0 67
0 68
0 69
0 70
0 71
0 72
0 73
0 74
0 75
==========================9===========================
vessel9's yard assignment
2 7 63
2 7 64
2 7 65
5 6 67
5 6 68
5 6 69
vessel9's berth allocation
1 63
1 64
1 65
1 66
1 67
1 68
1 69
1 70
==========================10===========================
vessel10's yard assignment
4 6 71
4 6 72
4 6 73
4 6 74
4 6 75
4 6 76
8 1 78
8 1 79
8 1 80
8 1 81
vessel10's berth allocation
1 71
1 72
1 73
1 74
1 75
1 76
1 77
1 78
1 79
1 80
1 81
1 82
==========================11===========================
vessel11's yard assignment
0 1 85
0 1 86
0 1 87
0 1 88
1 3 81
1 3 82
1 3 83
3 3 77
3 3 78
3 3 79
vessel11's berth allocation
0 77
0 78
0 79
0 80
0 81
0 82
0 83
0 84
0 85
0 86
0 87
0 88
0 89
==========================12===========================
vessel12's yard assignment
2 2 87
2 2 88
2 2 89
2 2 90
2 2 91
3 5 82
3 5 83
3 5 84
3 5 85
6 0 78
6 0 79
6 0 80
vessel12's berth allocation
2 78
2 79
2 80
2 81
2 82
2 83
2 84
2 85
2 86
2 87
2 88
2 89
2 90
2 91
2 92