Feas val 768050
overall runtime 7200
root LS time: 1.2800000000000033E-05
root Cplex time 1686.045742099999
root UB 768550
root LB 759483.3333333334
IterNum 304
root ColumnNum 213
root Time 1688.7203404
Node Num total 5
==========================1===========================
vessel1's yard assignment
2 6 15
2 6 16
2 6 17
2 6 18
2 6 19
2 6 20
2 6 21
4 4 24
4 4 25
4 4 26
4 4 27
4 4 28
4 4 29
8 5 31
8 5 32
8 5 33
8 5 34
8 5 35
8 5 36
vessel1's berth allocation
2 14
2 15
2 16
2 17
2 18
2 19
2 20
2 21
2 22
2 23
2 24
2 25
2 26
2 27
2 28
2 29
2 30
2 31
2 32
2 33
2 34
2 35
2 36
2 37
==========================2===========================
vessel2's yard assignment
2 2 26
2 2 27
2 2 28
6 0 20
6 0 21
6 0 22
6 0 23
6 0 24
7 3 16
7 3 17
7 3 18
vessel2's berth allocation
0 16
0 17
0 18
0 19
0 20
0 21
0 22
0 23
0 24
0 25
0 26
0 27
0 28
0 29
==========================3===========================
vessel3's yard assignment
5 3 25
5 3 26
5 3 27
5 3 28
5 3 29
5 3 30
6 2 21
6 2 22
6 2 23
vessel3's berth allocation
1 21
1 22
1 23
1 24
1 25
1 26
1 27
1 28
1 29
1 30
1 31
==========================4===========================
vessel4's yard assignment
1 3 36
1 3 37
1 3 38
7 6 30
7 6 31
7 6 32
7 6 33
7 6 34
vessel4's berth allocation
0 30
0 31
0 32
0 33
0 34
0 35
0 36
0 37
0 38
0 39
==========================5===========================
vessel5's yard assignment
4 4 46
4 4 47
4 4 48
4 4 49
4 4 52
4 4 53
4 4 54
4 4 55
4 4 56
5 5 38
5 5 39
5 5 40
5 5 41
5 5 42
5 5 43
5 5 44
vessel5's berth allocation
1 38
1 39
1 40
1 41
1 42
1 43
1 44
1 45
1 46
1 47
1 48
1 49
1 50
1 51
1 52
1 53
1 54
1 55
1 56
1 57
==========================6===========================
vessel6's yard assignment
0 1 43
0 1 44
0 1 45
0 1 46
0 1 47
0 1 48
0 1 62
0 1 63
0 1 64
2 2 51
2 2 52
2 2 53
2 2 54
2 2 55
2 2 56
2 2 57
2 2 58
2 2 59
vessel6's berth allocation
0 43
0 44
0 45
0 46
0 47
0 48
0 49
0 50
0 51
0 52
0 53
0 54
0 55
0 56
0 57
0 58
0 59
0 60
0 61
0 62
0 63
0 64
0 65
==========================7===========================
vessel7's yard assignment
1 1 50
1 1 51
1 1 52
3 5 54
3 5 55
3 5 56
3 5 57
8 5 59
8 5 60
8 5 61
8 5 62
8 5 63
vessel7's berth allocation
2 49
2 50
2 51
2 52
2 53
2 54
2 55
2 56
2 57
2 58
2 59
2 60
2 61
2 62
2 63
2 64
==========================8===========================
vessel8's yard assignment
0 6 71
0 6 72
0 6 73
1 3 58
1 3 59
1 3 60
1 3 61
1 3 62
1 3 63
1 3 64
3 5 66
3 5 67
3 5 68
3 5 69
vessel8's berth allocation
1 58
1 59
1 60
1 61
1 62
1 63
1 64
1 65
1 66
1 67
1 68
1 69
1 70
1 71
1 72
1 73
1 74