Opt val 619700
overall runtime 1169.370944
root LS time: 1.1400000000000025E-05
root Cplex time 1163.1219489999999
root UB 619700
root LB 619700
IterNum 240
root ColumnNum 174
root Time 1164.4910582
Node Num total 1
==========================1===========================
vessel1's yard assignment
1 3 14
1 3 15
1 3 16
1 3 17
1 3 24
7 6 19
7 6 20
7 6 21
vessel1's berth allocation
0 14
0 15
0 16
0 17
0 18
0 19
0 20
0 21
0 22
0 23
0 24
0 25
==========================2===========================
vessel2's yard assignment
4 0 21
4 0 22
4 0 23
4 0 24
5 5 17
5 5 18
5 5 19
5 5 30
7 3 26
7 3 27
7 3 28
vessel2's berth allocation
2 17
2 18
2 19
2 20
2 21
2 22
2 23
2 24
2 25
2 26
2 27
2 28
2 29
2 30
2 31
==========================3===========================
vessel3's yard assignment
1 5 25
1 5 26
1 5 27
1 5 28
2 2 20
2 2 21
2 2 22
vessel3's berth allocation
1 20
1 21
1 22
1 23
1 24
1 25
1 26
1 27
1 28
1 29
==========================4===========================
vessel4's yard assignment
3 5 40
3 5 41
3 5 42
6 0 26
6 0 27
6 0 28
6 0 29
6 0 30
6 0 31
8 1 33
8 1 34
8 1 35
8 1 36
8 1 37
8 1 38
vessel4's berth allocation
0 26
0 27
0 28
0 29
0 30
0 31
0 32
0 33
0 34
0 35
0 36
0 37
0 38
0 39
0 40
0 41
0 42
0 43
==========================5===========================
vessel5's yard assignment
3 3 34
3 3 35
3 3 36
3 3 37
3 3 38
3 3 39
3 3 40
3 3 41
4 6 30
4 6 31
4 6 32
6 0 43
6 0 44
6 0 45
vessel5's berth allocation
1 30
1 31
1 32
1 33
1 34
1 35
1 36
1 37
1 38
1 39
1 40
1 41
1 42
1 43
1 44
1 45
1 46
==========================6===========================
vessel6's yard assignment
0 5 34
0 5 35
0 5 36
0 5 37
0 5 38
7 6 40
7 6 41
7 6 42
7 6 43
7 6 44
7 6 45
vessel6's berth allocation
2 34
2 35
2 36
2 37
2 38
2 39
2 40
2 41
2 42
2 43
2 44
2 45
2 46
==========================7===========================
vessel7's yard assignment
0 6 50
0 6 51
0 6 52
0 6 53
5 5 55
5 5 56
5 5 57
5 5 58
8 5 44
8 5 45
8 5 46
8 5 47
8 5 48
vessel7's berth allocation
0 44
0 45
0 46
0 47
0 48
0 49
0 50
0 51
0 52
0 53
0 54
0 55
0 56
0 57
0 58
0 59
==========================8===========================
vessel8's yard assignment
2 2 50
2 2 51
2 2 52
2 2 53
2 2 54
2 2 55
2 2 56
3 3 47
3 3 48
3 3 58
3 3 59
vessel8's berth allocation
1 47
1 48
1 49
1 50
1 51
1 52
1 53
1 54
1 55
1 56
1 57
1 58
1 59
1 60