Feas val 724100
overall runtime 7200
root LS time: 1.7100000000000033E-05
root Cplex time 4815.359658
root UB 775500
root LB 701025.0000000001
IterNum 504
root ColumnNum 248
root Time 4819.3047464
Node Num total 2
==========================1===========================
vessel1's yard assignment
2 6 12
2 6 13
2 6 14
4 0 16
4 0 17
4 0 18
4 0 19
4 0 20
vessel1's berth allocation
1 12
1 13
1 14
1 15
1 16
1 17
1 18
1 19
1 20
1 21
==========================2===========================
vessel2's yard assignment
7 3 13
7 3 14
7 3 15
7 3 24
7 3 25
7 3 26
8 1 17
8 1 18
8 1 19
8 1 20
vessel2's berth allocation
0 13
0 14
0 15
0 16
0 17
0 18
0 19
0 20
0 21
0 22
0 23
0 24
0 25
0 26
0 27
==========================3===========================
vessel3's yard assignment
0 5 27
0 5 28
0 5 29
0 5 30
0 5 31
0 5 32
0 5 33
0 5 34
6 2 19
6 2 20
6 2 21
6 2 22
6 2 23
6 2 24
6 2 25
vessel3's berth allocation
2 19
2 20
2 21
2 22
2 23
2 24
2 25
2 26
2 27
2 28
2 29
2 30
2 31
2 32
2 33
2 34
2 35
==========================4===========================
vessel4's yard assignment
4 0 29
4 0 30
4 0 31
4 0 32
4 0 33
5 3 35
5 3 36
5 3 37
5 3 38
5 3 39
5 3 40
6 0 22
6 0 23
6 0 24
6 0 25
6 0 26
6 0 27
vessel4's berth allocation
1 22
1 23
1 24
1 25
1 26
1 27
1 28
1 29
1 30
1 31
1 32
1 33
1 34
1 35
1 36
1 37
1 38
1 39
1 40
1 41
==========================5===========================
vessel5's yard assignment
0 6 40
0 6 41
0 6 42
0 6 43
0 6 44
0 6 45
0 6 46
0 6 47
0 6 48
1 1 30
1 1 31
1 1 32
1 1 33
1 1 34
1 1 35
1 1 36
1 1 37
1 1 38
vessel5's berth allocation
0 30
0 31
0 32
0 33
0 34
0 35
0 36
0 37
0 38
0 39
0 40
0 41
0 42
0 43
0 44
0 45
0 46
0 47
0 48
0 49
==========================6===========================
vessel6's yard assignment
0 6 50
0 6 51
0 6 52
0 6 53
3 5 36
3 5 37
3 5 38
3 5 39
3 5 40
3 5 41
7 3 43
7 3 44
7 3 45
7 3 46
7 3 47
7 3 48
7 3 57
7 3 58
vessel6's berth allocation
2 36
2 37
2 38
2 39
2 40
2 41
2 42
2 43
2 44
2 45
2 46
2 47
2 48
2 49
2 50
2 51
2 52
2 53
2 54
2 55
2 56
2 57
2 58
2 59
==========================7===========================
vessel7's yard assignment
3 5 60
3 5 61
3 5 62
3 5 63
3 5 64
3 5 65
5 5 43
5 5 44
5 5 45
5 5 46
5 5 47
5 5 48
5 5 49
vessel7's berth allocation
1 43
1 44
1 45
1 46
1 47
1 48
1 49
1 50
1 51
1 52
1 53
1 54
1 55
1 56
1 57
1 58
1 59
1 60
1 61
1 62
1 63
1 64
1 65
1 66
==========================8===========================
vessel8's yard assignment
3 5 54
3 5 55
3 5 56
3 5 57
3 5 58
7 3 60
7 3 61
7 3 62
7 3 63
vessel8's berth allocation
0 52
0 53
0 54
0 55
0 56
0 57
0 58
0 59
0 60
0 61
0 62
0 63
0 64