Opt val 944900.0000000001
overall runtime 4031.1974645
root LS time: 22.000850800000002
root Cplex time 956.7941003000007
root UB 954300
root LB 939634.9999999999
IterNum 528
root ColumnNum 311
root Time 981.9211909
Node Num total 7
==========================1===========================
vessel1's yard assignment
5 5 25
5 5 26
5 5 27
5 5 28
5 5 29
5 5 30
5 5 31
5 5 32
5 5 33
8 1 15
8 1 16
8 1 17
8 1 18
8 1 19
8 1 20
8 1 35
8 1 36
8 1 37
vessel1's berth allocation
2 15
2 16
2 17
2 18
2 19
2 20
2 21
2 22
2 23
2 24
2 25
2 26
2 27
2 28
2 29
2 30
2 31
2 32
2 33
2 34
2 35
2 36
2 37
2 38
==========================2===========================
vessel2's yard assignment
7 3 24
7 3 25
7 3 26
7 3 27
7 3 28
8 1 30
8 1 31
8 1 32
8 1 33
vessel2's berth allocation
0 24
0 25
0 26
0 27
0 28
0 29
0 30
0 31
0 32
0 33
0 34
==========================3===========================
vessel3's yard assignment
0 5 35
0 5 36
0 5 37
0 5 38
3 3 40
3 3 41
3 3 42
3 3 43
3 3 44
3 3 45
3 3 46
vessel3's berth allocation
1 35
1 36
1 37
1 38
1 39
1 40
1 41
1 42
1 43
1 44
1 45
1 46
1 47
==========================4===========================
vessel4's yard assignment
1 5 40
1 5 41
1 5 42
5 5 44
5 5 45
5 5 46
5 5 47
5 5 48
vessel4's berth allocation
2 40
2 41
2 42
2 43
2 44
2 45
2 46
2 47
2 48
2 49
==========================5===========================
vessel5's yard assignment
0 1 47
0 1 48
0 1 49
0 1 50
4 4 52
4 4 53
4 4 54
5 6 43
5 6 44
5 6 45
vessel5's berth allocation
0 43
0 44
0 45
0 46
0 47
0 48
0 49
0 50
0 51
0 52
0 53
0 54
0 55
==========================6===========================
vessel6's yard assignment
4 0 48
4 0 55
4 0 56
7 6 50
7 6 51
7 6 52
7 6 53
vessel6's berth allocation
1 48
1 49
1 50
1 51
1 52
1 53
1 54
1 55
1 56
1 57
==========================7===========================
vessel7's yard assignment
3 5 65
3 5 66
3 5 67
3 5 68
3 5 69
3 5 70
3 5 71
4 4 56
4 4 57
4 4 58
4 4 59
4 4 60
4 4 61
4 4 62
4 4 63
vessel7's berth allocation
0 56
0 57
0 58
0 59
0 60
0 61
0 62
0 63
0 64
0 65
0 66
0 67
0 68
0 69
0 70
0 71
0 72
==========================8===========================
vessel8's yard assignment
0 6 66
0 6 67
0 6 68
0 6 69
0 6 70
0 6 71
0 6 72
2 2 53
2 2 54
2 2 55
2 2 56
2 2 57
6 0 59
6 0 60
6 0 61
6 0 62
6 0 63
6 0 64
vessel8's berth allocation
2 53
2 54
2 55
2 56
2 57
2 58
2 59
2 60
2 61
2 62
2 63
2 64
2 65
2 66
2 67
2 68
2 69
2 70
2 71
2 72
2 73
==========================9===========================
vessel9's yard assignment
2 2 72
2 2 73
2 2 74
6 2 68
6 2 69
6 2 70
vessel9's berth allocation
1 68
1 69
1 70
1 71
1 72
1 73
1 74
1 75
==========================10===========================
vessel10's yard assignment
2 2 87
2 2 88
2 2 89
2 2 90
2 2 91
2 2 92
2 2 93
2 2 94
7 6 74
7 6 75
7 6 76
7 6 77
7 6 78
8 1 80
8 1 81
8 1 82
8 1 83
8 1 84
8 1 85
vessel10's berth allocation
2 74
2 75
2 76
2 77
2 78
2 79
2 80
2 81
2 82
2 83
2 84
2 85
2 86
2 87
2 88
2 89
2 90
2 91
2 92
2 93
2 94
2 95
==========================11===========================
vessel11's yard assignment
1 3 81
1 3 82
1 3 83
1 3 84
1 3 85
1 3 86
1 3 87
4 0 74
4 0 75
4 0 76
4 0 77
4 0 78
4 0 79
8 5 89
8 5 90
8 5 91
8 5 92
8 5 93
8 5 94
vessel11's berth allocation
0 74
0 75
0 76
0 77
0 78
0 79
0 80
0 81
0 82
0 83
0 84
0 85
0 86
0 87
0 88
0 89
0 90
0 91
0 92
0 93
0 94
0 95
==========================12===========================
vessel12's yard assignment
2 4 80
2 4 81
2 4 82
7 3 76
7 3 77
7 3 78
vessel12's berth allocation
1 76
1 77
1 78
1 79
1 80
1 81
1 82
1 83