Opt val 1016300
overall runtime 321.3314647
root LS time: 4.0195227000000004
root Cplex time 85.37617900000002
root UB 1016300
root LB 1015075
IterNum 108
root ColumnNum 65
root Time 89.5890925
Node Num total 3
==========================1===========================
vessel1's yard assignment
0 0 3
0 0 4
0 0 5
0 0 6
0 0 7
6 5 9
6 5 10
6 5 11
6 5 12
7 2 14
7 2 15
7 2 16
7 2 17
7 2 18
7 2 19
7 2 20
7 2 21
7 2 22
vessel1's berth allocation
0 3
0 4
0 5
0 6
0 7
0 8
0 9
0 10
0 11
0 12
0 13
0 14
0 15
0 16
0 17
0 18
0 19
0 20
0 21
0 22
0 23
==========================2===========================
vessel2's yard assignment
1 3 11
1 3 24
1 3 25
1 3 26
1 3 27
8 6 13
8 6 14
8 6 15
8 6 16
8 6 17
8 6 18
8 6 19
8 6 20
8 6 21
vessel2's berth allocation
1 11
1 12
1 13
1 14
1 15
1 16
1 17
1 18
1 19
1 20
1 21
1 22
1 23
1 24
1 25
1 26
1 27
1 28
==========================3===========================
vessel3's yard assignment
2 0 21
2 0 22
2 0 23
2 0 24
2 0 25
2 0 26
6 5 15
6 5 16
6 5 17
6 5 18
6 5 19
8 6 28
8 6 29
8 6 30
8 6 31
8 6 32
8 6 33
8 6 34
8 6 35
vessel3's berth allocation
2 15
2 16
2 17
2 18
2 19
2 20
2 21
2 22
2 23
2 24
2 25
2 26
2 27
2 28
2 29
2 30
2 31
2 32
2 33
2 34
2 35
2 36
==========================4===========================
vessel4's yard assignment
3 4 27
3 4 28
3 4 29
3 4 30
3 4 31
3 4 32
7 3 34
7 3 35
7 3 36
7 3 37
7 3 38
7 3 39
7 3 40
7 3 41
vessel4's berth allocation
0 27
0 28
0 29
0 30
0 31
0 32
0 33
0 34
0 35
0 36
0 37
0 38
0 39
0 40
0 41
0 42
==========================5===========================
vessel5's yard assignment
4 5 42
4 5 43
4 5 44
4 5 45
4 5 46
4 5 47
4 5 48
6 5 35
6 5 36
6 5 37
6 5 38
6 5 39
6 5 40
7 2 50
7 2 51
7 2 52
7 2 53
7 2 54
7 2 55
7 2 56
vessel5's berth allocation
1 35
1 36
1 37
1 38
1 39
1 40
1 41
1 42
1 43
1 44
1 45
1 46
1 47
1 48
1 49
1 50
1 51
1 52
1 53
1 54
1 55
1 56
1 57
==========================6===========================
vessel6's yard assignment
5 0 43
5 0 44
5 0 45
5 0 46
5 0 47
5 0 48
5 0 49
8 4 52
8 4 53
8 4 54
8 4 55
8 4 56
8 4 57
8 4 58
vessel6's berth allocation
2 43
2 44
2 45
2 46
2 47
2 48
2 49
2 50
2 51
2 52
2 53
2 54
2 55
2 56
2 57
2 58
2 59
==========================7===========================
vessel7's yard assignment
0 0 64
0 0 65
0 0 66
0 0 67
3 6 51
3 6 52
3 6 53
3 6 69
6 5 55
6 5 56
6 5 57
6 5 58
6 5 59
6 5 60
6 5 61
6 5 62
vessel7's berth allocation
0 51
0 52
0 53
0 54
0 55
0 56
0 57
0 58
0 59
0 60
0 61
0 62
0 63
0 64
0 65
0 66
0 67
0 68
0 69
0 70
==========================8===========================
vessel8's yard assignment
1 3 59
1 3 60
1 3 61
1 3 62
1 3 63
7 2 66
7 2 67
7 2 68
7 2 69
7 2 70
7 2 71
7 2 72
7 2 73
7 2 74
vessel8's berth allocation
1 59
1 60
1 61
1 62
1 63
1 64
1 65
1 66
1 67
1 68
1 69
1 70
1 71
1 72
1 73
1 74
1 75
==========================9===========================
vessel9's yard assignment
2 3 81
2 3 82
2 3 83
2 3 84
4 5 67
4 5 68
4 5 69
4 5 70
4 5 71
8 6 73
8 6 74
8 6 75
8 6 76
8 6 77
8 6 78
8 6 79
vessel9's berth allocation
2 67
2 68
2 69
2 70
2 71
2 72
2 73
2 74
2 75
2 76
2 77
2 78
2 79
2 80
2 81
2 82
2 83
2 84
2 85
==========================10===========================
vessel10's yard assignment
0 0 75
0 0 76
0 0 77
0 0 78
0 0 79
0 0 80
3 1 82
3 1 83
3 1 84
3 1 85
3 1 86
3 1 87
3 1 88
3 1 89
vessel10's berth allocation
0 75
0 76
0 77
0 78
0 79
0 80
0 81
0 82
0 83
0 84
0 85
0 86
0 87
0 88
0 89
0 90
==========================11===========================
vessel11's yard assignment
1 5 83
1 5 84
1 5 85
1 5 86
2 0 88
2 0 89
2 0 90
2 0 91
2 0 92
2 0 93
5 0 95
5 0 96
5 0 97
5 0 98
5 0 99
5 0 100
vessel11's berth allocation
1 83
1 84
1 85
1 86
1 87
1 88
1 89
1 90
1 91
1 92
1 93
1 94
1 95
1 96
1 97
1 98
1 99
1 100
1 101
==========================12===========================
vessel12's yard assignment
4 1 102
4 1 103
4 1 104
4 1 105
4 1 106
4 1 107
4 1 108
5 2 94
5 2 95
5 2 96
5 2 97
5 2 98
5 2 99
5 2 100
vessel12's berth allocation
0 94
0 95
0 96
0 97
0 98
0 99
0 100
0 101
0 102
0 103
0 104
0 105
0 106
0 107
0 108
0 109