Opt val 1054200
overall runtime 658.5152666
root LS time: 18.192881699999987
root Cplex time 467.03842640000016
root UB 1055200
root LB 1053750
IterNum 312
root ColumnNum 168
root Time 486.4529277
Node Num total 1
==========================1===========================
vessel1's yard assignment
6 3 12
6 3 13
6 3 14
6 3 15
6 3 16
6 3 17
6 3 18
8 6 4
8 6 5
8 6 6
8 6 7
8 6 8
8 6 9
8 6 10
vessel1's berth allocation
2 4
2 5
2 6
2 7
2 8
2 9
2 10
2 11
2 12
2 13
2 14
2 15
2 16
2 17
2 18
2 19
==========================2===========================
vessel2's yard assignment
0 0 19
0 0 20
0 0 21
0 0 22
0 0 23
0 0 24
0 0 25
1 5 14
1 5 15
1 5 16
1 5 17
6 5 9
6 5 10
6 5 11
6 5 12
vessel2's berth allocation
0 9
0 10
0 11
0 12
0 13
0 14
0 15
0 16
0 17
0 18
0 19
0 20
0 21
0 22
0 23
0 24
0 25
0 26
==========================3===========================
vessel3's yard assignment
5 4 14
5 4 24
5 4 25
5 4 26
5 4 27
5 4 28
5 4 29
8 6 16
8 6 17
8 6 18
8 6 19
8 6 20
8 6 21
vessel3's berth allocation
1 14
1 15
1 16
1 17
1 18
1 19
1 20
1 21
1 22
1 23
1 24
1 25
1 26
1 27
1 28
1 29
1 30
==========================4===========================
vessel4's yard assignment
3 6 28
3 6 29
3 6 30
3 6 31
3 6 32
3 6 33
4 2 20
4 2 21
4 2 22
4 2 23
4 2 24
4 2 25
4 2 26
vessel4's berth allocation
2 20
2 21
2 22
2 23
2 24
2 25
2 26
2 27
2 28
2 29
2 30
2 31
2 32
2 33
2 34
==========================5===========================
vessel5's yard assignment
0 1 40
0 1 41
0 1 42
0 1 43
2 0 27
2 0 28
2 0 29
2 0 30
2 0 31
2 0 32
3 1 34
3 1 35
3 1 36
3 1 37
3 1 38
vessel5's berth allocation
0 27
0 28
0 29
0 30
0 31
0 32
0 33
0 34
0 35
0 36
0 37
0 38
0 39
0 40
0 41
0 42
0 43
0 44
==========================6===========================
vessel6's yard assignment
4 5 36
4 5 37
4 5 38
4 5 39
5 2 46
5 2 47
5 2 48
5 2 49
5 2 50
5 2 51
7 6 41
7 6 42
7 6 43
7 6 44
vessel6's berth allocation
2 36
2 37
2 38
2 39
2 40
2 41
2 42
2 43
2 44
2 45
2 46
2 47
2 48
2 49
2 50
2 51
2 52
==========================7===========================
vessel7's yard assignment
2 3 39
2 3 40
2 3 41
2 3 42
2 3 43
3 1 49
3 1 50
3 1 51
3 1 52
6 5 45
6 5 46
6 5 47
6 5 54
vessel7's berth allocation
1 39
1 40
1 41
1 42
1 43
1 44
1 45
1 46
1 47
1 48
1 49
1 50
1 51
1 52
1 53
1 54
1 55
==========================8===========================
vessel8's yard assignment
2 6 46
2 6 47
2 6 48
2 6 49
2 6 50
2 6 51
2 6 52
2 6 53
8 4 55
8 4 56
8 4 57
8 4 58
8 4 59
8 4 60
8 4 61
vessel8's berth allocation
0 46
0 47
0 48
0 49
0 50
0 51
0 52
0 53
0 54
0 55
0 56
0 57
0 58
0 59
0 60
0 61
0 62
==========================9===========================
vessel9's yard assignment
5 2 53
5 2 54
5 2 55
5 2 56
5 2 57
5 2 58
7 6 66
7 6 67
7 6 68
7 6 69
7 6 70
7 6 71
7 6 72
9 0 60
9 0 61
9 0 62
9 0 63
9 0 64
vessel9's berth allocation
2 53
2 54
2 55
2 56
2 57
2 58
2 59
2 60
2 61
2 62
2 63
2 64
2 65
2 66
2 67
2 68
2 69
2 70
2 71
2 72
2 73
==========================10===========================
vessel10's yard assignment
2 6 74
2 6 75
2 6 76
2 6 77
2 6 78
2 6 79
4 2 68
4 2 69
4 2 70
4 2 71
4 2 72
7 3 81
7 3 82
7 3 83
7 3 84
vessel10's berth allocation
1 68
1 69
1 70
1 71
1 72
1 73
1 74
1 75
1 76
1 77
1 78
1 79
1 80
1 81
1 82
1 83
1 84
1 85
==========================11===========================
vessel11's yard assignment
0 0 87
0 0 88
0 0 89
0 0 90
4 5 82
4 5 83
4 5 84
4 5 85
9 0 75
9 0 76
9 0 77
9 0 78
9 0 79
9 0 80
vessel11's berth allocation
0 75
0 76
0 77
0 78
0 79
0 80
0 81
0 82
0 83
0 84
0 85
0 86
0 87
0 88
0 89
0 90
0 91
==========================12===========================
vessel12's yard assignment
1 5 89
1 5 90
1 5 91
1 5 92
1 5 93
1 5 94
1 5 95
3 6 97
3 6 98
3 6 99
3 6 100
3 6 101
3 6 102
3 6 103
vessel12's berth allocation
1 89
1 90
1 91
1 92
1 93
1 94
1 95
1 96
1 97
1 98
1 99
1 100
1 101
1 102
1 103
1 104