Opt val 964090
overall runtime 99.9821345
root LS time: 3.8050531000000007
root Cplex time 95.90568240000005
root UB 964090
root LB 964040
IterNum 120
root ColumnNum 50
root Time 99.9050627
Node Num total 1
==========================1===========================
vessel1's yard assignment
2 0 16
2 0 17
2 0 18
2 0 19
2 0 20
2 0 21
2 0 22
3 1 32
3 1 33
3 1 34
3 1 35
3 1 36
3 1 37
3 1 38
3 1 39
7 3 24
7 3 25
7 3 26
7 3 27
7 3 28
7 3 29
7 3 30
vessel1's berth allocation
0 16
0 17
0 18
0 19
0 20
0 21
0 22
0 23
0 24
0 25
0 26
0 27
0 28
0 29
0 30
0 31
0 32
0 33
0 34
0 35
0 36
0 37
0 38
0 39
0 40
==========================2===========================
vessel2's yard assignment
0 0 28
0 0 29
0 0 30
0 0 31
0 0 32
1 5 34
1 5 35
1 5 36
1 5 37
7 2 22
7 2 23
7 2 24
7 2 25
7 2 26
vessel2's berth allocation
1 22
1 23
1 24
1 25
1 26
1 27
1 28
1 29
1 30
1 31
1 32
1 33
1 34
1 35
1 36
1 37
1 38
==========================3===========================
vessel3's yard assignment
1 3 36
1 3 37
1 3 38
8 6 40
8 6 41
8 6 42
vessel3's berth allocation
2 36
2 37
2 38
2 39
2 40
2 41
2 42
2 43
==========================4===========================
vessel4's yard assignment
6 5 55
6 5 56
6 5 57
6 5 58
6 5 59
6 5 60
6 5 61
6 5 62
6 5 63
7 6 45
7 6 46
7 6 47
7 6 48
7 6 49
7 6 50
7 6 51
7 6 52
7 6 53
vessel4's berth allocation
1 45
1 46
1 47
1 48
1 49
1 50
1 51
1 52
1 53
1 54
1 55
1 56
1 57
1 58
1 59
1 60
1 61
1 62
1 63
1 64
==========================5===========================
vessel5's yard assignment
4 2 50
4 2 51
4 2 52
4 2 53
8 4 55
8 4 56
8 4 57
8 4 58
8 4 59
vessel5's berth allocation
0 50
0 51
0 52
0 53
0 54
0 55
0 56
0 57
0 58
0 59
0 60
==========================6===========================
vessel6's yard assignment
1 5 67
1 5 68
1 5 69
2 0 59
2 0 60
2 0 61
2 0 62
2 0 63
2 0 64
2 0 65
vessel6's berth allocation
2 59
2 60
2 61
2 62
2 63
2 64
2 65
2 66
2 67
2 68
2 69
2 70
==========================7===========================
vessel7's yard assignment
3 6 67
3 6 68
3 6 69
3 6 70
3 6 71
3 6 72
3 6 73
6 3 61
6 3 62
6 3 63
6 3 64
6 3 65
vessel7's berth allocation
0 61
0 62
0 63
0 64
0 65
0 66
0 67
0 68
0 69
0 70
0 71
0 72
0 73
0 74
==========================8===========================
vessel8's yard assignment
5 2 67
5 2 68
5 2 69
5 2 70
5 2 71
5 2 72
5 2 73
5 2 74
7 3 76
7 3 77
7 3 78
7 3 79
vessel8's berth allocation
1 67
1 68
1 69
1 70
1 71
1 72
1 73
1 74
1 75
1 76
1 77
1 78
1 79
1 80
==========================9===========================
vessel9's yard assignment
1 5 82
1 5 83
1 5 84
1 5 85
1 5 86
1 5 87
2 0 89
2 0 90
2 0 91
2 0 92
2 0 93
2 0 94
5 0 74
5 0 75
5 0 76
5 0 77
5 0 78
5 0 79
5 0 80
vessel9's berth allocation
2 74
2 75
2 76
2 77
2 78
2 79
2 80
2 81
2 82
2 83
2 84
2 85
2 86
2 87
2 88
2 89
2 90
2 91
2 92
2 93
2 94
2 95
==========================10===========================
vessel10's yard assignment
0 0 96
0 0 97
0 0 98
0 0 99
0 0 100
0 0 101
0 0 102
0 0 103
4 5 91
4 5 92
4 5 93
4 5 94
7 3 84
7 3 85
7 3 86
7 3 87
7 3 88
7 3 89
vessel10's berth allocation
0 84
0 85
0 86
0 87
0 88
0 89
0 90
0 91
0 92
0 93
0 94
0 95
0 96
0 97
0 98
0 99
0 100
0 101
0 102
0 103
0 104
==========================11===========================
vessel11's yard assignment
3 6 92
3 6 93
3 6 94
3 6 95
6 1 87
6 1 88
6 1 89
6 1 90
vessel11's berth allocation
1 87
1 88
1 89
1 90
1 91
1 92
1 93
1 94
1 95
1 96
==========================12===========================
vessel12's yard assignment
1 3 100
1 3 101
1 3 102
6 3 104
6 3 105
6 3 106
6 3 107
6 3 108
6 3 109
vessel12's berth allocation
2 100
2 101
2 102
2 103
2 104
2 105
2 106
2 107
2 108
2 109
2 110