Opt val 1020600
overall runtime 897.286641
root LS time: 21.081697799999997
root Cplex time 874.6627593000007
root UB 1020600
root LB 1020600
IterNum 456
root ColumnNum 111
root Time 896.97747
Node Num total 1
==========================1===========================
vessel1's yard assignment
0 0 3
0 0 4
0 0 5
0 0 6
0 0 7
4 5 14
4 5 15
4 5 16
4 5 17
4 5 18
4 5 19
6 5 9
6 5 10
6 5 11
6 5 12
vessel1's berth allocation
0 3
0 4
0 5
0 6
0 7
0 8
0 9
0 10
0 11
0 12
0 13
0 14
0 15
0 16
0 17
0 18
0 19
0 20
==========================2===========================
vessel2's yard assignment
1 3 13
1 3 14
1 3 15
1 3 16
1 3 24
1 3 25
8 6 18
8 6 19
8 6 20
8 6 21
vessel2's berth allocation
1 13
1 14
1 15
1 16
1 17
1 18
1 19
1 20
1 21
1 22
1 23
1 24
1 25
1 26
==========================3===========================
vessel3's yard assignment
4 5 27
4 5 28
4 5 29
4 5 30
4 5 31
5 0 22
5 0 23
5 0 24
5 0 25
vessel3's berth allocation
0 22
0 23
0 24
0 25
0 26
0 27
0 28
0 29
0 30
0 31
0 32
==========================4===========================
vessel4's yard assignment
2 0 32
2 0 33
2 0 34
2 0 35
2 0 44
2 0 45
2 0 46
7 3 37
7 3 38
7 3 39
7 3 40
7 3 41
7 3 42
vessel4's berth allocation
2 32
2 33
2 34
2 35
2 36
2 37
2 38
2 39
2 40
2 41
2 42
2 43
2 44
2 45
2 46
2 47
==========================5===========================
vessel5's yard assignment
0 1 62
0 1 63
0 1 64
0 1 65
0 1 66
0 1 67
0 1 68
0 1 69
5 2 54
5 2 55
5 2 56
5 2 57
5 2 58
5 2 59
5 2 60
8 6 47
8 6 48
8 6 49
8 6 50
8 6 51
8 6 52
vessel5's berth allocation
0 47
0 48
0 49
0 50
0 51
0 52
0 53
0 54
0 55
0 56
0 57
0 58
0 59
0 60
0 61
0 62
0 63
0 64
0 65
0 66
0 67
0 68
0 69
0 70
==========================6===========================
vessel6's yard assignment
0 0 58
0 0 59
0 0 60
0 0 61
0 0 62
0 0 63
0 0 64
3 4 52
3 4 53
3 4 54
3 4 55
3 4 56
vessel6's berth allocation
1 52
1 53
1 54
1 55
1 56
1 57
1 58
1 59
1 60
1 61
1 62
1 63
1 64
1 65
==========================7===========================
vessel7's yard assignment
1 5 65
1 5 66
1 5 67
1 5 68
1 5 69
1 5 70
5 2 72
5 2 73
5 2 74
5 2 75
5 2 76
5 2 77
vessel7's berth allocation
2 65
2 66
2 67
2 68
2 69
2 70
2 71
2 72
2 73
2 74
2 75
2 76
2 77
2 78
==========================8===========================
vessel8's yard assignment
3 6 72
3 6 73
3 6 74
3 6 75
3 6 76
3 6 77
7 6 66
7 6 67
7 6 68
7 6 69
7 6 70
8 4 79
8 4 80
8 4 81
8 4 82
8 4 83
8 4 84
vessel8's berth allocation
1 66
1 67
1 68
1 69
1 70
1 71
1 72
1 73
1 74
1 75
1 76
1 77
1 78
1 79
1 80
1 81
1 82
1 83
1 84
1 85
==========================9===========================
vessel9's yard assignment
4 1 79
4 1 80
4 1 81
4 1 82
4 1 83
4 1 84
4 1 85
6 5 87
6 5 88
6 5 89
6 5 90
6 5 91
6 5 92
6 5 93
6 5 94
vessel9's berth allocation
2 79
2 80
2 81
2 82
2 83
2 84
2 85
2 86
2 87
2 88
2 89
2 90
2 91
2 92
2 93
2 94
2 95
==========================10===========================
vessel10's yard assignment
0 0 87
0 0 88
0 0 89
0 0 90
0 0 91
0 0 92
0 0 93
0 0 94
7 3 81
7 3 82
7 3 83
7 3 84
7 3 85
8 6 96
8 6 97
8 6 98
8 6 99
8 6 100
8 6 101
8 6 102
vessel10's berth allocation
0 81
0 82
0 83
0 84
0 85
0 86
0 87
0 88
0 89
0 90
0 91
0 92
0 93
0 94
0 95
0 96
0 97
0 98
0 99
0 100
0 101
0 102
0 103
==========================11===========================
vessel11's yard assignment
2 3 96
2 3 97
2 3 98
2 3 99
2 3 100
2 3 101
2 3 102
2 3 103
2 3 104
5 2 86
5 2 87
5 2 88
5 2 89
5 2 90
5 2 91
5 2 92
5 2 93
5 2 94
vessel11's berth allocation
1 86
1 87
1 88
1 89
1 90
1 91
1 92
1 93
1 94
1 95
1 96
1 97
1 98
1 99
1 100
1 101
1 102
1 103
1 104
1 105
==========================12===========================
vessel12's yard assignment
0 1 103
0 1 104
0 1 105
0 1 106
0 1 107
5 0 96
5 0 97
5 0 98
5 0 99
5 0 100
5 0 101
6 3 109
6 3 110
6 3 111
6 3 112
6 3 113
vessel12's berth allocation
2 96
2 97
2 98
2 99
2 100
2 101
2 102
2 103
2 104
2 105
2 106
2 107
2 108
2 109
2 110
2 111
2 112
2 113
2 114