Opt val 949900
overall runtime 186.5437221
root LS time: 7.514160499999994
root Cplex time 178.1011059
root UB 949900
root LB 949900
IterNum 240
root ColumnNum 88
root Time 186.0301065
Node Num total 1
==========================1===========================
vessel1's yard assignment
4 5 10
4 5 11
4 5 12
4 5 13
4 5 14
4 5 15
5 0 4
5 0 5
5 0 6
5 0 7
5 0 8
vessel1's berth allocation
0 4
0 5
0 6
0 7
0 8
0 9
0 10
0 11
0 12
0 13
0 14
0 15
0 16
==========================2===========================
vessel2's yard assignment
1 3 15
1 3 16
1 3 17
1 3 18
7 2 20
7 2 21
7 2 22
7 2 23
7 2 24
7 2 25
7 2 26
vessel2's berth allocation
1 15
1 16
1 17
1 18
1 19
1 20
1 21
1 22
1 23
1 24
1 25
1 26
1 27
==========================3===========================
vessel3's yard assignment
6 3 24
6 3 25
6 3 26
8 6 21
8 6 28
8 6 29
vessel3's berth allocation
2 21
2 22
2 23
2 24
2 25
2 26
2 27
2 28
2 29
2 30
==========================4===========================
vessel4's yard assignment
2 0 30
2 0 31
2 0 32
2 0 33
2 0 34
7 3 36
7 3 37
7 3 38
7 3 39
7 3 40
7 3 41
7 3 42
7 3 43
8 4 45
8 4 46
8 4 47
8 4 48
8 4 49
vessel4's berth allocation
1 30
1 31
1 32
1 33
1 34
1 35
1 36
1 37
1 38
1 39
1 40
1 41
1 42
1 43
1 44
1 45
1 46
1 47
1 48
1 49
1 50
==========================5===========================
vessel5's yard assignment
2 6 35
2 6 40
2 6 41
2 6 42
3 4 52
3 4 53
3 4 54
3 4 55
3 4 56
7 2 44
7 2 45
7 2 46
7 2 47
7 2 48
7 2 49
7 2 50
vessel5's berth allocation
0 35
0 36
0 37
0 38
0 39
0 40
0 41
0 42
0 43
0 44
0 45
0 46
0 47
0 48
0 49
0 50
0 51
0 52
0 53
0 54
0 55
0 56
0 57
==========================6===========================
vessel6's yard assignment
2 6 49
2 6 50
2 6 51
2 6 52
2 6 53
3 1 36
3 1 37
3 1 38
3 1 39
3 1 40
5 0 42
5 0 43
5 0 44
5 0 45
5 0 46
5 0 47
vessel6's berth allocation
2 36
2 37
2 38
2 39
2 40
2 41
2 42
2 43
2 44
2 45
2 46
2 47
2 48
2 49
2 50
2 51
2 52
2 53
2 54
==========================7===========================
vessel7's yard assignment
4 5 56
4 5 57
4 5 58
4 5 59
4 5 60
6 5 62
6 5 63
6 5 64
6 5 65
6 5 66
6 5 67
6 5 68
6 5 69
7 2 52
7 2 53
7 2 54
vessel7's berth allocation
1 52
1 53
1 54
1 55
1 56
1 57
1 58
1 59
1 60
1 61
1 62
1 63
1 64
1 65
1 66
1 67
1 68
1 69
1 70
==========================8===========================
vessel8's yard assignment
1 3 59
1 3 60
1 3 61
1 3 62
1 3 63
1 3 64
8 6 66
8 6 67
8 6 68
8 6 69
8 6 70
8 6 71
vessel8's berth allocation
2 59
2 60
2 61
2 62
2 63
2 64
2 65
2 66
2 67
2 68
2 69
2 70
2 71
2 72
==========================9===========================
vessel9's yard assignment
0 0 60
0 0 61
0 0 62
0 0 63
3 1 65
3 1 66
3 1 67
3 1 68
3 1 69
vessel9's berth allocation
0 60
0 61
0 62
0 63
0 64
0 65
0 66
0 67
0 68
0 69
0 70
==========================10===========================
vessel10's yard assignment
0 0 87
0 0 88
0 0 89
0 0 90
0 0 91
0 0 92
0 0 93
0 0 94
7 3 80
7 3 81
7 3 82
7 3 83
7 3 84
7 3 85
8 6 74
8 6 75
8 6 76
8 6 77
8 6 78
vessel10's berth allocation
0 74
0 75
0 76
0 77
0 78
0 79
0 80
0 81
0 82
0 83
0 84
0 85
0 86
0 87
0 88
0 89
0 90
0 91
0 92
0 93
0 94
0 95
==========================11===========================
vessel11's yard assignment
5 4 77
5 4 78
5 4 79
5 4 80
5 4 81
5 4 82
6 5 84
6 5 85
6 5 86
vessel11's berth allocation
2 77
2 78
2 79
2 80
2 81
2 82
2 83
2 84
2 85
2 86
2 87
==========================12===========================
vessel12's yard assignment
1 5 92
1 5 93
1 5 94
7 2 86
7 2 87
7 2 88
7 2 89
7 2 90
vessel12's berth allocation
1 86
1 87
1 88
1 89
1 90
1 91
1 92
1 93
1 94
1 95