Feas val 494400
overall runtime 7200
root LS time: 18.15324959999999
root Cplex time 1560.7277904999999
root UB 494400
root LB 492200.0000000001
IterNum 175
root ColumnNum 116
root Time 1580.0632966
Node Num total 13
==========================1===========================
vessel1's yard assignment
1 3 10
1 3 11
1 3 12
1 3 13
1 3 14
1 3 15
6 0 17
6 0 18
6 0 19
6 0 20
6 0 21
6 0 22
7 6 3
7 6 4
7 6 5
7 6 6
7 6 7
7 6 8
vessel1's berth allocation
0 3
0 4
0 5
0 6
0 7
0 8
0 9
0 10
0 11
0 12
0 13
0 14
0 15
0 16
0 17
0 18
0 19
0 20
0 21
0 22
0 23
==========================2===========================
vessel2's yard assignment
4 6 16
4 6 17
4 6 18
4 6 19
4 6 20
4 6 21
5 5 9
5 5 10
5 5 11
5 5 12
5 5 13
5 5 14
7 3 24
7 3 25
7 3 26
7 3 27
7 3 28
7 3 29
vessel2's berth allocation
1 9
1 10
1 11
1 12
1 13
1 14
1 15
1 16
1 17
1 18
1 19
1 20
1 21
1 22
1 23
1 24
1 25
1 26
1 27
1 28
1 29
1 30
==========================3===========================
vessel3's yard assignment
2 2 22
2 2 23
2 2 24
2 2 25
2 2 26
2 2 27
5 5 29
5 5 30
5 5 31
5 5 32
5 5 33
5 5 34
8 1 15
8 1 16
8 1 17
8 1 18
8 1 19
8 1 20
vessel3's berth allocation
2 15
2 16
2 17
2 18
2 19
2 20
2 21
2 22
2 23
2 24
2 25
2 26
2 27
2 28
2 29
2 30
2 31
2 32
2 33
2 34
2 35
==========================4===========================
vessel4's yard assignment
4 6 29
4 6 30
4 6 31
4 6 32
4 6 33
6 0 24
6 0 25
6 0 26
6 0 27
7 3 35
7 3 36
7 3 37
7 3 38
7 3 39
vessel4's berth allocation
0 24
0 25
0 26
0 27
0 28
0 29
0 30
0 31
0 32
0 33
0 34
0 35
0 36
0 37
0 38
0 39
0 40
==========================5===========================
vessel5's yard assignment
1 5 41
1 5 42
1 5 43
1 5 44
3 5 36
3 5 37
3 5 38
3 5 39
6 0 31
6 0 32
6 0 33
6 0 34
vessel5's berth allocation
1 31
1 32
1 33
1 34
1 35
1 36
1 37
1 38
1 39
1 40
1 41
1 42
1 43
1 44
1 45