Opt val 477100
overall runtime 1067.7644283
root LS time: 14.754529200000002
root Cplex time 1051.9257722
root UB 477100
root LB 477100
IterNum 160
root ColumnNum 91
root Time 1067.6345676
Node Num total 1
==========================1===========================
vessel1's yard assignment
1 5 5
1 5 6
1 5 7
1 5 8
1 5 9
1 5 10
1 5 11
6 2 20
6 2 21
6 2 22
6 2 23
6 2 24
7 6 13
7 6 14
7 6 15
7 6 16
7 6 17
7 6 18
vessel1's berth allocation
1 5
1 6
1 7
1 8
1 9
1 10
1 11
1 12
1 13
1 14
1 15
1 16
1 17
1 18
1 19
1 20
1 21
1 22
1 23
1 24
1 25
==========================2===========================
vessel2's yard assignment
4 0 21
4 0 22
4 0 23
4 0 24
4 0 25
5 5 14
5 5 15
5 5 16
5 5 17
5 5 18
5 5 19
7 3 9
7 3 10
7 3 11
7 3 12
vessel2's berth allocation
0 9
0 10
0 11
0 12
0 13
0 14
0 15
0 16
0 17
0 18
0 19
0 20
0 21
0 22
0 23
0 24
0 25
0 26
==========================3===========================
vessel3's yard assignment
2 6 29
2 6 30
2 6 31
2 6 32
5 3 24
5 3 25
5 3 26
5 3 27
8 1 15
8 1 16
8 1 17
8 1 18
8 1 19
8 1 20
vessel3's berth allocation
2 15
2 16
2 17
2 18
2 19
2 20
2 21
2 22
2 23
2 24
2 25
2 26
2 27
2 28
2 29
2 30
2 31
2 32
2 33
==========================4===========================
vessel4's yard assignment
4 0 43
4 0 44
4 0 45
4 0 46
4 0 47
6 0 27
6 0 28
6 0 29
6 0 30
6 0 31
6 0 32
7 3 34
7 3 35
7 3 36
7 3 37
7 3 38
7 3 39
7 3 40
7 3 41
vessel4's berth allocation
1 26
1 27
1 28
1 29
1 30
1 31
1 32
1 33
1 34
1 35
1 36
1 37
1 38
1 39
1 40
1 41
1 42
1 43
1 44
1 45
1 46
1 47
1 48
==========================5===========================
vessel5's yard assignment
1 5 38
1 5 39
1 5 40
1 5 41
1 5 42
3 5 32
3 5 33
3 5 34
3 5 35
3 5 36
6 2 27
6 2 28
6 2 29
6 2 30
vessel5's berth allocation
0 27
0 28
0 29
0 30
0 31
0 32
0 33
0 34
0 35
0 36
0 37
0 38
0 39
0 40
0 41
0 42
0 43