Opt val 608400
overall runtime 4571.1866584
root LS time: 24.102859300000002
root Cplex time 4545.282475399999
root UB 608400
root LB 608400
IterNum 210
root ColumnNum 139
root Time 4571.0185781
Node Num total 1
==========================1===========================
vessel1's yard assignment
1 5 12
1 5 13
1 5 14
1 5 15
1 5 16
1 5 17
6 2 19
6 2 20
6 2 21
6 2 22
6 2 23
6 2 24
7 6 4
7 6 5
7 6 6
7 6 7
7 6 8
7 6 9
7 6 10
vessel1's berth allocation
0 4
0 5
0 6
0 7
0 8
0 9
0 10
0 11
0 12
0 13
0 14
0 15
0 16
0 17
0 18
0 19
0 20
0 21
0 22
0 23
0 24
0 25
==========================2===========================
vessel2's yard assignment
4 0 16
4 0 17
4 0 18
4 0 19
4 0 20
4 0 21
4 0 22
5 5 25
5 5 26
5 5 27
5 5 28
5 5 29
5 5 30
5 5 31
5 5 32
7 3 8
7 3 9
7 3 10
7 3 11
7 3 12
7 3 13
7 3 14
vessel2's berth allocation
1 8
1 9
1 10
1 11
1 12
1 13
1 14
1 15
1 16
1 17
1 18
1 19
1 20
1 21
1 22
1 23
1 24
1 25
1 26
1 27
1 28
1 29
1 30
1 31
1 32
1 33
==========================3===========================
vessel3's yard assignment
2 6 15
2 6 16
2 6 17
2 6 18
2 6 19
2 6 20
2 6 21
5 3 24
5 3 25
5 3 26
5 3 27
5 3 28
5 3 29
5 3 30
8 1 32
8 1 33
8 1 34
8 1 35
8 1 36
8 1 37
vessel3's berth allocation
2 15
2 16
2 17
2 18
2 19
2 20
2 21
2 22
2 23
2 24
2 25
2 26
2 27
2 28
2 29
2 30
2 31
2 32
2 33
2 34
2 35
2 36
2 37
2 38
==========================4===========================
vessel4's yard assignment
4 6 41
4 6 42
4 6 43
4 6 44
4 6 45
6 0 26
6 0 27
6 0 28
6 0 29
6 0 30
6 0 31
7 3 34
7 3 35
7 3 36
7 3 37
7 3 38
7 3 39
vessel4's berth allocation
0 26
0 27
0 28
0 29
0 30
0 31
0 32
0 33
0 34
0 35
0 36
0 37
0 38
0 39
0 40
0 41
0 42
0 43
0 44
0 45
0 46
==========================5===========================
vessel5's yard assignment
1 5 40
1 5 41
1 5 42
1 5 43
1 5 44
1 5 45
3 5 34
3 5 35
3 5 36
3 5 37
3 5 38
6 2 47
6 2 48
6 2 49
6 2 50
6 2 51
vessel5's berth allocation
1 34
1 35
1 36
1 37
1 38
1 39
1 40
1 41
1 42
1 43
1 44
1 45
1 46
1 47
1 48
1 49
1 50
1 51
1 52