Opt val 935500
overall runtime 193.7290153
root LS time: 7.251959600000003
root Cplex time 184.62249580000005
root UB 935500
root LB 935100
IterNum 240
root ColumnNum 121
root Time 192.5292452
Node Num total 1
==========================1===========================
vessel1's yard assignment
4 0 4
4 0 5
4 0 6
4 0 7
4 0 8
4 0 9
5 5 11
5 5 12
5 5 13
5 5 14
5 5 15
vessel1's berth allocation
0 4
0 5
0 6
0 7
0 8
0 9
0 10
0 11
0 12
0 13
0 14
0 15
0 16
==========================2===========================
vessel2's yard assignment
1 3 24
1 3 25
1 3 26
1 3 27
7 6 15
7 6 16
7 6 17
7 6 18
7 6 19
7 6 20
7 6 21
vessel2's berth allocation
1 15
1 16
1 17
1 18
1 19
1 20
1 21
1 22
1 23
1 24
1 25
1 26
1 27
1 28
==========================3===========================
vessel3's yard assignment
6 0 21
6 0 22
6 0 23
8 5 25
8 5 26
8 5 27
vessel3's berth allocation
2 21
2 22
2 23
2 24
2 25
2 26
2 27
2 28
==========================4===========================
vessel4's yard assignment
2 2 30
2 2 31
2 2 32
2 2 33
2 2 34
7 6 40
7 6 41
7 6 42
7 6 43
7 6 44
7 6 45
7 6 46
7 6 47
8 1 36
8 1 37
8 1 38
8 1 49
8 1 50
vessel4's berth allocation
1 30
1 31
1 32
1 33
1 34
1 35
1 36
1 37
1 38
1 39
1 40
1 41
1 42
1 43
1 44
1 45
1 46
1 47
1 48
1 49
1 50
1 51
==========================5===========================
vessel5's yard assignment
2 6 49
2 6 50
2 6 51
2 6 52
3 3 35
3 3 36
3 3 37
3 3 38
3 3 39
7 3 41
7 3 42
7 3 43
7 3 44
7 3 45
7 3 46
7 3 47
vessel5's berth allocation
2 35
2 36
2 37
2 38
2 39
2 40
2 41
2 42
2 43
2 44
2 45
2 46
2 47
2 48
2 49
2 50
2 51
2 52
2 53
==========================6===========================
vessel6's yard assignment
2 2 49
2 2 50
2 2 51
2 2 52
2 2 53
3 5 36
3 5 37
3 5 38
3 5 39
3 5 40
5 5 42
5 5 43
5 5 44
5 5 45
5 5 46
5 5 47
vessel6's berth allocation
0 36
0 37
0 38
0 39
0 40
0 41
0 42
0 43
0 44
0 45
0 46
0 47
0 48
0 49
0 50
0 51
0 52
0 53
0 54
==========================7===========================
vessel7's yard assignment
4 4 52
4 4 53
4 4 54
4 4 55
4 4 56
6 0 58
6 0 59
6 0 60
6 0 61
6 0 62
6 0 63
6 0 64
6 0 65
7 6 67
7 6 68
7 6 69
vessel7's berth allocation
1 52
1 53
1 54
1 55
1 56
1 57
1 58
1 59
1 60
1 61
1 62
1 63
1 64
1 65
1 66
1 67
1 68
1 69
1 70
==========================8===========================
vessel8's yard assignment
1 3 59
1 3 60
1 3 61
1 3 62
1 3 63
1 3 64
8 5 66
8 5 67
8 5 68
8 5 69
8 5 70
8 5 71
vessel8's berth allocation
0 59
0 60
0 61
0 62
0 63
0 64
0 65
0 66
0 67
0 68
0 69
0 70
0 71
0 72
==========================9===========================
vessel9's yard assignment
0 1 66
0 1 67
0 1 68
0 1 69
3 5 60
3 5 61
3 5 62
3 5 63
3 5 64
vessel9's berth allocation
2 60
2 61
2 62
2 63
2 64
2 65
2 66
2 67
2 68
2 69
2 70
==========================10===========================
vessel10's yard assignment
0 1 81
0 1 82
0 1 83
0 1 84
0 1 85
0 1 86
0 1 87
0 1 88
7 6 74
7 6 75
7 6 76
7 6 77
7 6 78
7 6 79
8 5 90
8 5 91
8 5 92
8 5 93
8 5 94
vessel10's berth allocation
1 74
1 75
1 76
1 77
1 78
1 79
1 80
1 81
1 82
1 83
1 84
1 85
1 86
1 87
1 88
1 89
1 90
1 91
1 92
1 93
1 94
1 95
==========================11===========================
vessel11's yard assignment
5 3 81
5 3 82
5 3 83
5 3 84
5 3 85
5 3 86
6 0 77
6 0 78
6 0 79
vessel11's berth allocation
2 77
2 78
2 79
2 80
2 81
2 82
2 83
2 84
2 85
2 86
2 87
==========================12===========================
vessel12's yard assignment
1 5 86
1 5 87
1 5 88
7 6 92
7 6 93
7 6 94
7 6 95
7 6 96
vessel12's berth allocation
0 86
0 87
0 88
0 89
0 90
0 91
0 92
0 93
0 94
0 95
0 96
0 97