Opt val 862300
overall runtime 700.5674155
root LS time: 20.3238287
root Cplex time 676.4305393000002
root UB 862300
root LB 862200
IterNum 468
root ColumnNum 264
root Time 699.1551308
Node Num total 1
==========================1===========================
vessel1's yard assignment
2 6 10
2 6 11
2 6 12
2 6 13
2 6 14
4 0 6
4 0 7
4 0 8
vessel1's berth allocation
0 6
0 7
0 8
0 9
0 10
0 11
0 12
0 13
0 14
0 15
==========================2===========================
vessel2's yard assignment
1 5 12
1 5 13
1 5 14
1 5 15
1 5 16
1 5 17
2 2 19
2 2 20
2 2 21
vessel2's berth allocation
2 12
2 13
2 14
2 15
2 16
2 17
2 18
2 19
2 20
2 21
2 22
==========================3===========================
vessel3's yard assignment
0 1 17
0 1 18
0 1 19
0 1 20
0 1 21
5 6 24
5 6 25
5 6 26
5 6 27
5 6 28
5 6 29
5 6 30
5 6 31
8 5 33
8 5 34
8 5 35
8 5 36
vessel3's berth allocation
1 17
1 18
1 19
1 20
1 21
1 22
1 23
1 24
1 25
1 26
1 27
1 28
1 29
1 30
1 31
1 32
1 33
1 34
1 35
1 36
1 37
==========================4===========================
vessel4's yard assignment
2 2 24
2 2 25
2 2 26
3 3 20
3 3 21
3 3 22
3 3 33
3 3 34
4 0 28
4 0 29
4 0 30
4 0 31
vessel4's berth allocation
0 20
0 21
0 22
0 23
0 24
0 25
0 26
0 27
0 28
0 29
0 30
0 31
0 32
0 33
0 34
0 35
==========================5===========================
vessel5's yard assignment
1 5 25
1 5 26
1 5 27
5 5 29
5 5 30
5 5 31
vessel5's berth allocation
2 25
2 26
2 27
2 28
2 29
2 30
2 31
2 32
==========================6===========================
vessel6's yard assignment
0 6 33
0 6 34
0 6 35
3 3 46
3 3 47
3 3 48
3 3 49
3 3 50
7 3 37
7 3 38
7 3 39
7 3 40
7 3 41
7 3 42
7 3 43
7 3 44
vessel6's berth allocation
2 33
2 34
2 35
2 36
2 37
2 38
2 39
2 40
2 41
2 42
2 43
2 44
2 45
2 46
2 47
2 48
2 49
2 50
2 51
==========================7===========================
vessel7's yard assignment
3 5 42
3 5 43
3 5 44
3 5 45
3 5 46
3 5 47
5 5 38
5 5 39
5 5 40
vessel7's berth allocation
1 38
1 39
1 40
1 41
1 42
1 43
1 44
1 45
1 46
1 47
1 48
==========================8===========================
vessel8's yard assignment
6 0 53
6 0 54
6 0 55
6 0 56
6 0 57
6 0 58
6 0 59
6 0 60
6 0 61
8 1 43
8 1 44
8 1 45
8 1 46
8 1 47
8 1 48
8 1 49
8 1 50
8 1 51
vessel8's berth allocation
0 43
0 44
0 45
0 46
0 47
0 48
0 49
0 50
0 51
0 52
0 53
0 54
0 55
0 56
0 57
0 58
0 59
0 60
0 61
0 62
==========================9===========================
vessel9's yard assignment
0 5 55
0 5 56
0 5 57
0 5 58
0 5 59
0 5 60
4 6 50
4 6 51
4 6 52
4 6 53
vessel9's berth allocation
1 50
1 51
1 52
1 53
1 54
1 55
1 56
1 57
1 58
1 59
1 60
1 61
==========================10===========================
vessel10's yard assignment
0 1 61
0 1 62
0 1 63
2 6 57
2 6 58
2 6 59
6 2 52
6 2 53
6 2 54
6 2 55
vessel10's berth allocation
2 52
2 53
2 54
2 55
2 56
2 57
2 58
2 59
2 60
2 61
2 62
2 63
2 64
==========================11===========================
vessel11's yard assignment
1 5 64
1 5 65
1 5 66
1 5 67
7 3 69
7 3 70
7 3 71
7 3 72
7 3 73
7 3 74
7 3 75
vessel11's berth allocation
1 62
1 63
1 64
1 65
1 66
1 67
1 68
1 69
1 70
1 71
1 72
1 73
1 74
1 75
1 76
==========================12===========================
vessel12's yard assignment
2 6 72
2 6 73
2 6 74
2 6 75
4 0 66
4 0 67
4 0 68
4 0 69
4 0 70
vessel12's berth allocation
0 66
0 67
0 68
0 69
0 70
0 71
0 72
0 73
0 74
0 75
0 76