Feas val 1020299.9999999999
overall runtime 7200
root LS time: 53.21029519999999
root Cplex time 7145.7901452999995
root UB 1020300
root LB 2147483647
IterNum 860
root ColumnNum 357
root Time 7206.4497511
Node Num total 1
==========================1===========================
vessel1's yard assignment
3 5 8
3 5 9
3 5 10
3 5 11
3 5 12
8 5 14
8 5 15
8 5 16
8 5 17
8 5 18
8 5 19
vessel1's berth allocation
1 8
1 9
1 10
1 11
1 12
1 13
1 14
1 15
1 16
1 17
1 18
1 19
1 20
==========================2===========================
vessel2's yard assignment
2 2 21
2 2 22
2 2 23
5 3 17
5 3 18
5 3 19
vessel2's berth allocation
2 17
2 18
2 19
2 20
2 21
2 22
2 23
2 24
==========================3===========================
vessel3's yard assignment
1 5 27
1 5 28
1 5 29
1 5 30
6 0 22
6 0 23
6 0 24
6 0 25
vessel3's berth allocation
0 22
0 23
0 24
0 25
0 26
0 27
0 28
0 29
0 30
0 31
==========================4===========================
vessel4's yard assignment
4 0 36
4 0 37
4 0 38
4 0 39
4 0 40
4 0 41
6 0 30
6 0 31
6 0 32
6 0 33
6 0 34
7 6 24
7 6 25
7 6 26
7 6 27
7 6 28
vessel4's berth allocation
1 24
1 25
1 26
1 27
1 28
1 29
1 30
1 31
1 32
1 33
1 34
1 35
1 36
1 37
1 38
1 39
1 40
1 41
1 42
==========================5===========================
vessel5's yard assignment
1 3 36
1 3 37
1 3 38
1 3 39
1 3 40
2 2 29
2 2 30
2 2 31
2 2 32
2 2 33
2 2 34
5 3 42
5 3 43
5 3 44
5 3 45
5 3 46
5 3 47
5 3 48
vessel5's berth allocation
2 29
2 30
2 31
2 32
2 33
2 34
2 35
2 36
2 37
2 38
2 39
2 40
2 41
2 42
2 43
2 44
2 45
2 46
2 47
2 48
2 49
==========================6===========================
vessel6's yard assignment
0 5 32
0 5 33
0 5 34
0 5 35
0 5 36
0 5 37
4 4 39
4 4 40
4 4 41
4 4 42
4 4 43
4 4 44
4 4 45
4 4 46
vessel6's berth allocation
0 32
0 33
0 34
0 35
0 36
0 37
0 38
0 39
0 40
0 41
0 42
0 43
0 44
0 45
0 46
0 47
==========================7===========================
vessel7's yard assignment
0 5 43
0 5 44
0 5 45
0 5 46
0 5 47
0 5 48
0 5 49
7 6 51
7 6 52
7 6 53
7 6 54
7 6 55
7 6 56
7 6 57
7 6 58
7 6 59
vessel7's berth allocation
1 43
1 44
1 45
1 46
1 47
1 48
1 49
1 50
1 51
1 52
1 53
1 54
1 55
1 56
1 57
1 58
1 59
1 60
==========================8===========================
vessel8's yard assignment
2 2 48
2 2 49
2 2 50
3 3 52
3 3 53
3 3 54
3 3 55
3 3 56
4 4 58
4 4 59
4 4 60
4 4 61
4 4 62
4 4 63
4 4 64
vessel8's berth allocation
0 48
0 49
0 50
0 51
0 52
0 53
0 54
0 55
0 56
0 57
0 58
0 59
0 60
0 61
0 62
0 63
0 64
0 65
==========================9===========================
vessel9's yard assignment
0 1 50
0 1 51
0 1 52
0 1 53
0 1 54
0 1 55
6 0 57
6 0 58
6 0 59
6 0 60
6 0 61
6 0 62
6 0 63
vessel9's berth allocation
2 50
2 51
2 52
2 53
2 54
2 55
2 56
2 57
2 58
2 59
2 60
2 61
2 62
2 63
2 64
==========================10===========================
vessel10's yard assignment
0 5 61
0 5 62
0 5 63
0 5 64
0 5 65
0 5 66
0 5 67
3 3 76
3 3 77
3 3 78
3 3 79
7 6 69
7 6 70
7 6 71
7 6 72
7 6 73
7 6 74
vessel10's berth allocation
1 61
1 62
1 63
1 64
1 65
1 66
1 67
1 68
1 69
1 70
1 71
1 72
1 73
1 74
1 75
1 76
1 77
1 78
1 79
1 80
==========================11===========================
vessel11's yard assignment
4 0 68
4 0 69
4 0 70
4 0 71
4 0 72
4 0 73
8 1 75
8 1 76
8 1 77
8 1 78
8 1 79
vessel11's berth allocation
2 67
2 68
2 69
2 70
2 71
2 72
2 73
2 74
2 75
2 76
2 77
2 78
2 79
2 80
==========================12===========================
vessel12's yard assignment
1 3 71
1 3 72
1 3 73
1 3 74
4 6 76
4 6 77
4 6 78
4 6 79
4 6 80
4 6 81
4 6 82
8 5 84
8 5 85
8 5 86
8 5 87
8 5 88
8 5 89
8 5 90
8 5 91
vessel12's berth allocation
0 71
0 72
0 73
0 74
0 75
0 76
0 77
0 78
0 79
0 80
0 81
0 82
0 83
0 84
0 85
0 86
0 87
0 88
0 89
0 90
0 91
0 92