Opt val 1011400
overall runtime 1696.5824733
root LS time: 29.61928690000001
root Cplex time 1663.3859054000004
root UB 1011400
root LB 1011200
IterNum 624
root ColumnNum 244
root Time 1696.3794774
Node Num total 1
==========================1===========================
vessel1's yard assignment
2 2 13
2 2 14
2 2 15
2 2 16
2 2 17
4 6 6
4 6 7
4 6 8
4 6 9
4 6 10
4 6 11
4 6 24
7 3 19
7 3 20
7 3 21
7 3 22
vessel1's berth allocation
0 6
0 7
0 8
0 9
0 10
0 11
0 12
0 13
0 14
0 15
0 16
0 17
0 18
0 19
0 20
0 21
0 22
0 23
0 24
0 25
==========================2===========================
vessel2's yard assignment
5 3 9
5 3 10
5 3 11
5 3 12
5 3 13
5 3 14
5 3 15
5 3 16
6 0 18
6 0 19
6 0 20
6 0 21
6 0 22
6 0 23
6 0 24
vessel2's berth allocation
1 9
1 10
1 11
1 12
1 13
1 14
1 15
1 16
1 17
1 18
1 19
1 20
1 21
1 22
1 23
1 24
1 25
==========================3===========================
vessel3's yard assignment
2 2 20
2 2 21
2 2 22
2 2 23
5 5 14
5 5 15
5 5 16
5 5 17
5 5 18
vessel3's berth allocation
2 14
2 15
2 16
2 17
2 18
2 19
2 20
2 21
2 22
2 23
2 24
==========================4===========================
vessel4's yard assignment
3 5 25
3 5 26
3 5 27
3 5 28
3 5 29
6 0 36
6 0 37
6 0 38
6 0 39
6 0 40
6 0 41
7 6 31
7 6 32
7 6 33
7 6 34
vessel4's berth allocation
2 25
2 26
2 27
2 28
2 29
2 30
2 31
2 32
2 33
2 34
2 35
2 36
2 37
2 38
2 39
2 40
2 41
2 42
==========================5===========================
vessel5's yard assignment
0 5 43
0 5 44
0 5 45
0 5 46
4 0 28
4 0 29
4 0 30
4 0 31
4 0 32
4 0 33
8 1 35
8 1 36
8 1 37
8 1 38
8 1 39
8 1 40
8 1 41
vessel5's berth allocation
1 28
1 29
1 30
1 31
1 32
1 33
1 34
1 35
1 36
1 37
1 38
1 39
1 40
1 41
1 42
1 43
1 44
1 45
1 46
1 47
==========================6===========================
vessel6's yard assignment
7 3 36
7 3 37
7 3 38
7 3 39
7 3 40
7 3 41
8 5 31
8 5 32
8 5 33
8 5 34
vessel6's berth allocation
0 31
0 32
0 33
0 34
0 35
0 36
0 37
0 38
0 39
0 40
0 41
0 42
==========================7===========================
vessel7's yard assignment
0 6 50
0 6 51
0 6 52
0 6 53
0 6 54
3 3 43
3 3 44
3 3 45
3 3 46
3 3 47
3 3 48
vessel7's berth allocation
0 43
0 44
0 45
0 46
0 47
0 48
0 49
0 50
0 51
0 52
0 53
0 54
0 55
==========================8===========================
vessel8's yard assignment
7 3 52
7 3 53
7 3 54
7 3 55
7 3 56
7 3 57
8 1 44
8 1 45
8 1 46
8 1 47
8 1 48
8 1 49
8 1 50
vessel8's berth allocation
2 44
2 45
2 46
2 47
2 48
2 49
2 50
2 51
2 52
2 53
2 54
2 55
2 56
2 57
2 58
==========================9===========================
vessel9's yard assignment
2 2 48
2 2 49
2 2 50
2 2 51
6 0 53
6 0 54
6 0 55
6 0 56
6 0 57
vessel9's berth allocation
1 48
1 49
1 50
1 51
1 52
1 53
1 54
1 55
1 56
1 57
1 58
==========================10===========================
vessel10's yard assignment
2 2 56
2 2 57
2 2 58
2 2 59
2 2 60
2 2 61
2 2 62
4 0 64
4 0 65
4 0 66
4 0 67
4 0 68
4 0 69
4 0 70
6 2 72
6 2 73
6 2 74
6 2 75
6 2 76
6 2 77
vessel10's berth allocation
0 56
0 57
0 58
0 59
0 60
0 61
0 62
0 63
0 64
0 65
0 66
0 67
0 68
0 69
0 70
0 71
0 72
0 73
0 74
0 75
0 76
0 77
0 78
==========================11===========================
vessel11's yard assignment
3 5 59
3 5 60
3 5 61
3 5 62
4 6 71
4 6 72
4 6 73
4 6 74
4 6 75
4 6 76
5 5 64
5 5 65
5 5 66
5 5 67
5 5 68
5 5 69
vessel11's berth allocation
2 59
2 60
2 61
2 62
2 63
2 64
2 65
2 66
2 67
2 68
2 69
2 70
2 71
2 72
2 73
2 74
2 75
2 76
2 77
==========================12===========================
vessel12's yard assignment
0 1 77
0 1 78
0 1 79
0 1 80
0 1 81
0 1 82
0 1 83
0 1 84
3 3 71
3 3 72
3 3 73
3 3 74
3 3 75
vessel12's berth allocation
1 71
1 72
1 73
1 74
1 75
1 76
1 77
1 78
1 79
1 80
1 81
1 82
1 83
1 84
1 85