Feas val 891400
overall runtime 7200
root LS time: 12.9498224
root Cplex time 605.8358572000002
root UB 892300
root LB 885549.9999999999
IterNum 372
root ColumnNum 223
root Time 620.4637483
Node Num total 13
==========================1===========================
vessel1's yard assignment
5 3 15
5 3 16
5 3 17
5 3 18
5 3 19
5 3 20
5 3 21
5 3 22
5 3 35
8 5 25
8 5 26
8 5 27
8 5 28
8 5 29
8 5 30
8 5 31
8 5 32
8 5 33
vessel1's berth allocation
0 15
0 16
0 17
0 18
0 19
0 20
0 21
0 22
0 23
0 24
0 25
0 26
0 27
0 28
0 29
0 30
0 31
0 32
0 33
0 34
0 35
0 36
==========================2===========================
vessel2's yard assignment
7 6 26
7 6 27
7 6 28
7 6 29
7 6 30
8 1 32
8 1 33
8 1 34
8 1 35
vessel2's berth allocation
2 24
2 25
2 26
2 27
2 28
2 29
2 30
2 31
2 32
2 33
2 34
2 35
2 36
==========================3===========================
vessel3's yard assignment
0 5 35
0 5 36
0 5 37
0 5 38
3 3 40
3 3 41
3 3 42
3 3 43
3 3 44
3 3 45
3 3 46
vessel3's berth allocation
1 35
1 36
1 37
1 38
1 39
1 40
1 41
1 42
1 43
1 44
1 45
1 46
1 47
==========================4===========================
vessel4's yard assignment
1 1 46
1 1 47
1 1 48
5 5 40
5 5 41
5 5 42
5 5 43
5 5 44
vessel4's berth allocation
2 40
2 41
2 42
2 43
2 44
2 45
2 46
2 47
2 48
2 49
==========================5===========================
vessel5's yard assignment
0 1 51
0 1 52
0 1 53
0 1 54
4 4 43
4 4 44
4 4 45
5 5 47
5 5 48
5 5 49
vessel5's berth allocation
0 43
0 44
0 45
0 46
0 47
0 48
0 49
0 50
0 51
0 52
0 53
0 54
0 55
==========================6===========================
vessel6's yard assignment
4 0 53
4 0 54
4 0 55
7 6 48
7 6 49
7 6 50
7 6 51
vessel6's berth allocation
1 48
1 49
1 50
1 51
1 52
1 53
1 54
1 55
1 56
==========================7===========================
vessel7's yard assignment
3 3 51
3 3 52
3 3 53
3 3 54
3 3 55
3 3 56
3 3 57
4 0 59
4 0 60
4 0 61
4 0 62
4 0 63
4 0 64
4 0 65
4 0 66
vessel7's berth allocation
2 51
2 52
2 53
2 54
2 55
2 56
2 57
2 58
2 59
2 60
2 61
2 62
2 63
2 64
2 65
2 66
2 67
==========================8===========================
vessel8's yard assignment
0 5 63
0 5 64
0 5 65
0 5 66
0 5 67
0 5 68
0 5 69
2 6 71
2 6 72
2 6 73
2 6 74
2 6 75
6 2 56
6 2 57
6 2 58
6 2 59
6 2 60
6 2 61
vessel8's berth allocation
0 56
0 57
0 58
0 59
0 60
0 61
0 62
0 63
0 64
0 65
0 66
0 67
0 68
0 69
0 70
0 71
0 72
0 73
0 74
0 75
0 76
==========================9===========================
vessel9's yard assignment
2 2 72
2 2 73
2 2 74
6 0 68
6 0 69
6 0 70
vessel9's berth allocation
1 68
1 69
1 70
1 71
1 72
1 73
1 74
1 75
==========================10===========================
vessel10's yard assignment
2 4 82
2 4 83
2 4 84
2 4 85
2 4 86
2 4 87
2 4 88
2 4 89
7 3 69
7 3 70
7 3 71
7 3 72
7 3 73
8 1 75
8 1 76
8 1 77
8 1 78
8 1 79
8 1 80
vessel10's berth allocation
2 69
2 70
2 71
2 72
2 73
2 74
2 75
2 76
2 77
2 78
2 79
2 80
2 81
2 82
2 83
2 84
2 85
2 86
2 87
2 88
2 89
2 90
==========================11===========================
vessel11's yard assignment
1 3 76
1 3 77
1 3 78
1 3 79
1 3 80
1 3 81
1 3 82
4 0 91
4 0 92
4 0 93
4 0 94
4 0 95
4 0 96
8 5 84
8 5 85
8 5 86
8 5 87
8 5 88
8 5 89
vessel11's berth allocation
1 76
1 77
1 78
1 79
1 80
1 81
1 82
1 83
1 84
1 85
1 86
1 87
1 88
1 89
1 90
1 91
1 92
1 93
1 94
1 95
1 96
1 97
==========================12===========================
vessel12's yard assignment
2 6 81
2 6 82
2 6 83
7 6 77
7 6 78
7 6 79
vessel12's berth allocation
0 77
0 78
0 79
0 80
0 81
0 82
0 83
0 84