Opt val 944580
overall runtime 1252.2542268
root LS time: 10.142969299999995
root Cplex time 328.92764189999974
root UB 951769.9999999974
root LB 935570
IterNum 300
root ColumnNum 180
root Time 339.8538629
Node Num total 6
==========================1===========================
vessel1's yard assignment
0 6 26
0 6 27
0 6 28
0 6 29
0 6 30
1 5 13
1 5 14
1 5 15
1 5 16
1 5 17
1 5 18
1 5 19
2 2 21
2 2 22
2 2 23
2 2 24
vessel1's berth allocation
0 13
0 14
0 15
0 16
0 17
0 18
0 19
0 20
0 21
0 22
0 23
0 24
0 25
0 26
0 27
0 28
0 29
0 30
0 31
==========================2===========================
vessel2's yard assignment
0 5 25
0 5 26
0 5 27
0 5 28
4 0 37
4 0 38
4 0 39
4 0 40
4 0 41
5 5 30
5 5 31
5 5 32
5 5 33
5 5 34
5 5 35
vessel2's berth allocation
1 25
1 26
1 27
1 28
1 29
1 30
1 31
1 32
1 33
1 34
1 35
1 36
1 37
1 38
1 39
1 40
1 41
1 42
==========================3===========================
vessel3's yard assignment
2 2 29
2 2 30
2 2 31
2 2 32
2 2 33
2 2 34
2 2 35
6 2 45
6 2 46
6 2 47
6 2 48
6 2 49
8 5 37
8 5 38
8 5 39
8 5 40
8 5 41
8 5 42
8 5 43
vessel3's berth allocation
2 29
2 30
2 31
2 32
2 33
2 34
2 35
2 36
2 37
2 38
2 39
2 40
2 41
2 42
2 43
2 44
2 45
2 46
2 47
2 48
2 49
2 50
==========================4===========================
vessel4's yard assignment
4 6 32
4 6 33
4 6 34
4 6 35
4 6 36
4 6 37
5 3 39
5 3 40
5 3 41
vessel4's berth allocation
0 32
0 33
0 34
0 35
0 36
0 37
0 38
0 39
0 40
0 41
0 42
==========================5===========================
vessel5's yard assignment
1 3 44
1 3 45
1 3 46
1 3 47
1 3 48
1 3 49
5 6 51
5 6 52
5 6 53
5 6 54
7 6 56
7 6 57
7 6 58
7 6 59
vessel5's berth allocation
0 44
0 45
0 46
0 47
0 48
0 49
0 50
0 51
0 52
0 53
0 54
0 55
0 56
0 57
0 58
0 59
0 60
==========================6===========================
vessel6's yard assignment
1 1 49
1 1 50
1 1 51
8 5 45
8 5 46
8 5 47
vessel6's berth allocation
1 45
1 46
1 47
1 48
1 49
1 50
1 51
1 52
==========================7===========================
vessel7's yard assignment
3 5 54
3 5 55
3 5 56
3 5 57
3 5 58
3 5 59
3 5 60
3 5 61
3 5 62
6 0 64
6 0 65
6 0 66
6 0 67
6 0 68
6 0 69
6 0 70
6 0 71
6 0 72
vessel7's berth allocation
2 54
2 55
2 56
2 57
2 58
2 59
2 60
2 61
2 62
2 63
2 64
2 65
2 66
2 67
2 68
2 69
2 70
2 71
2 72
2 73
==========================8===========================
vessel8's yard assignment
3 5 64
3 5 65
3 5 66
3 5 67
7 3 69
7 3 70
7 3 71
7 3 72
7 3 73
7 3 74
7 3 75
8 1 60
8 1 61
8 1 62
vessel8's berth allocation
1 60
1 61
1 62
1 63
1 64
1 65
1 66
1 67
1 68
1 69
1 70
1 71
1 72
1 73
1 74
1 75
1 76
==========================9===========================
vessel9's yard assignment
2 4 63
2 4 64
2 4 65
5 5 69
5 5 70
5 5 71
vessel9's berth allocation
0 63
0 64
0 65
0 66
0 67
0 68
0 69
0 70
0 71
0 72
==========================10===========================
vessel10's yard assignment
4 6 74
4 6 75
4 6 76
4 6 77
4 6 78
4 6 79
8 1 81
8 1 82
8 1 83
8 1 84
vessel10's berth allocation
0 73
0 74
0 75
0 76
0 77
0 78
0 79
0 80
0 81
0 82
0 83
0 84
0 85
==========================11===========================
vessel11's yard assignment
0 6 81
0 6 82
0 6 83
0 6 84
1 1 86
1 1 87
1 1 88
3 3 77
3 3 78
3 3 79
vessel11's berth allocation
1 77
1 78
1 79
1 80
1 81
1 82
1 83
1 84
1 85
1 86
1 87
1 88
1 89
==========================12===========================
vessel12's yard assignment
2 2 78
2 2 79
2 2 80
2 2 81
2 2 82
3 5 88
3 5 89
3 5 90
3 5 91
6 0 84
6 0 85
6 0 86
vessel12's berth allocation
2 78
2 79
2 80
2 81
2 82
2 83
2 84
2 85
2 86
2 87
2 88
2 89
2 90
2 91
2 92