Total (root+branch&cut) =    0.00 sec. (8.01 ticks)
Opt val 503689.99999999994
overall runtime 1659.3170488
root LS time: 6.999999999999995E-06
root Cplex time 1658.223863599999
root UB 503690
root LB 503689.99999999994
IterNum 150
root ColumnNum 123
root Time 1659.1741452
Node Num total 1
==========================1===========================
vessel1's yard assignment
1 3 10
1 3 11
1 3 12
1 3 13
1 3 14
1 3 15
2 2 17
2 2 18
2 2 19
2 2 20
2 2 21
2 2 22
6 0 3
6 0 4
6 0 5
6 0 6
6 0 7
6 0 8
vessel1's berth allocation
1 3
1 4
1 5
1 6
1 7
1 8
1 9
1 10
1 11
1 12
1 13
1 14
1 15
1 16
1 17
1 18
1 19
1 20
1 21
1 22
1 23
==========================2===========================
vessel2's yard assignment
4 0 16
4 0 17
4 0 18
4 0 19
4 0 20
4 0 21
4 0 22
4 0 23
4 0 24
4 0 25
7 6 5
7 6 6
7 6 7
7 6 8
7 6 9
7 6 10
7 6 11
7 6 12
7 6 13
7 6 14
vessel2's berth allocation
0 5
0 6
0 7
0 8
0 9
0 10
0 11
0 12
0 13
0 14
0 15
0 16
0 17
0 18
0 19
0 20
0 21
0 22
0 23
0 24
0 25
0 26
==========================3===========================
vessel3's yard assignment
2 6 18
2 6 19
2 6 20
2 6 21
2 6 32
2 6 33
2 6 34
5 3 24
5 3 25
5 3 26
5 3 27
5 3 28
5 3 29
5 3 30
8 5 11
8 5 12
8 5 13
8 5 14
8 5 15
8 5 16
vessel3's berth allocation
0 11
0 12
0 13
0 14
0 15
0 16
0 17
0 18
0 19
0 20
0 21
0 22
0 23
0 24
0 25
0 26
0 27
0 28
0 29
0 30
0 31
0 32
0 33
0 34
0 35
==========================4===========================
vessel4's yard assignment
4 4 24
4 4 25
4 4 26
4 4 27
4 4 28
4 4 29
4 4 30
4 4 31
4 4 32
7 3 34
7 3 35
7 3 36
7 3 37
7 3 38
7 3 39
7 3 40
7 3 41
7 3 42
vessel4's berth allocation
1 24
1 25
1 26
1 27
1 28
1 29
1 30
1 31
1 32
1 33
1 34
1 35
1 36
1 37
1 38
1 39
1 40
1 41
1 42
1 43
==========================5===========================
vessel5's yard assignment
1 5 32
1 5 33
1 5 34
1 5 35
1 5 36
3 5 38
3 5 39
3 5 40
3 5 41
3 5 42
6 0 27
6 0 28
6 0 29
6 0 30
vessel5's berth allocation
2 27
2 28
2 29
2 30
2 31
2 32
2 33
2 34
2 35
2 36
2 37
2 38
2 39
2 40
2 41
2 42
2 43