Opt val 532420
overall runtime 125.9685019
root LS time: 3.6999999999999976E-06
root Cplex time 125.5644209
root UB 532420
root LB 532350
IterNum 80
root ColumnNum 41
root Time 125.8742143
Node Num total 1
==========================1===========================
vessel1's yard assignment
0 5 12
0 5 13
0 5 14
0 5 15
0 5 16
0 5 17
7 6 3
7 6 4
7 6 5
7 6 6
8 5 8
8 5 9
8 5 10
vessel1's berth allocation
1 3
1 4
1 5
1 6
1 7
1 8
1 9
1 10
1 11
1 12
1 13
1 14
1 15
1 16
1 17
1 18
==========================2===========================
vessel2's yard assignment
4 6 12
4 6 13
4 6 14
4 6 15
6 0 7
6 0 8
6 0 9
6 0 10
vessel2's berth allocation
0 7
0 8
0 9
0 10
0 11
0 12
0 13
0 14
0 15
0 16
==========================3===========================
vessel3's yard assignment
1 1 16
1 1 17
1 1 18
1 1 19
1 1 20
1 1 30
3 3 24
3 3 25
3 3 26
3 3 27
3 3 28
vessel3's berth allocation
2 16
2 17
2 18
2 19
2 20
2 21
2 22
2 23
2 24
2 25
2 26
2 27
2 28
2 29
2 30
2 31
==========================4===========================
vessel4's yard assignment
2 4 25
2 4 26
2 4 27
2 4 28
2 4 29
6 0 21
6 0 22
6 0 23
vessel4's berth allocation
1 21
1 22
1 23
1 24
1 25
1 26
1 27
1 28
1 29
1 30
==========================5===========================
vessel5's yard assignment
2 2 23
2 2 24
2 2 25
2 2 26
3 5 32
3 5 33
3 5 34
3 5 35
3 5 36
3 5 37
8 5 28
8 5 29
8 5 30
vessel5's berth allocation
0 23
0 24
0 25
0 26
0 27
0 28
0 29
0 30
0 31
0 32
0 33
0 34
0 35
0 36
0 37
0 38
==========================6===========================
vessel6's yard assignment
7 3 35
7 3 36
7 3 37
7 3 38
7 3 39
8 5 41
8 5 42
8 5 43
8 5 44
vessel6's berth allocation
2 35
2 36
2 37
2 38
2 39
2 40
2 41
2 42
2 43
2 44
2 45
==========================7===========================
vessel7's yard assignment
1 1 37
1 1 38
1 1 39
4 6 48
4 6 49
4 6 50
4 6 51
6 2 42
6 2 43
6 2 44
6 2 45
6 2 46
vessel7's berth allocation
1 37
1 38
1 39
1 40
1 41
1 42
1 43
1 44
1 45
1 46
1 47
1 48
1 49
1 50
1 51
1 52
==========================8===========================
vessel8's yard assignment
2 2 51
2 2 52
2 2 53
2 2 54
2 2 55
4 0 45
4 0 46
4 0 47
4 0 48
4 0 49
vessel8's berth allocation
0 45
0 46
0 47
0 48
0 49
0 50
0 51
0 52
0 53
0 54
0 55
0 56