Opt val 574300
overall runtime 209.3461153
root LS time: 6.2999999999999964E-06
root Cplex time 206.6394852000001
root UB 574300
root LB 574300
IterNum 136
root ColumnNum 81
root Time 207.0580126
Node Num total 1
==========================1===========================
vessel1's yard assignment
4 0 19
4 0 20
4 0 21
4 0 22
4 0 23
4 0 24
4 0 25
4 0 26
7 3 13
7 3 14
7 3 15
7 3 16
7 3 17
vessel1's berth allocation
0 13
0 14
0 15
0 16
0 17
0 18
0 19
0 20
0 21
0 22
0 23
0 24
0 25
0 26
0 27
==========================2===========================
vessel2's yard assignment
4 0 30
4 0 31
4 0 32
4 0 33
6 2 20
6 2 21
6 2 22
6 2 23
6 2 24
8 5 26
8 5 27
8 5 28
vessel2's berth allocation
2 20
2 21
2 22
2 23
2 24
2 25
2 26
2 27
2 28
2 29
2 30
2 31
2 32
2 33
2 34
==========================3===========================
vessel3's yard assignment
3 5 30
3 5 31
3 5 32
7 3 26
7 3 27
7 3 28
vessel3's berth allocation
1 26
1 27
1 28
1 29
1 30
1 31
1 32
1 33
==========================4===========================
vessel4's yard assignment
0 5 34
0 5 35
0 5 36
0 5 37
0 5 38
3 3 40
3 3 41
3 3 42
6 0 44
6 0 45
6 0 46
6 0 47
vessel4's berth allocation
1 34
1 35
1 36
1 37
1 38
1 39
1 40
1 41
1 42
1 43
1 44
1 45
1 46
1 47
1 48
==========================5===========================
vessel5's yard assignment
2 2 50
2 2 51
2 2 52
2 2 53
2 2 54
2 2 55
2 2 56
2 2 57
8 5 40
8 5 41
8 5 42
8 5 43
8 5 44
8 5 45
8 5 46
8 5 47
8 5 48
vessel5's berth allocation
0 40
0 41
0 42
0 43
0 44
0 45
0 46
0 47
0 48
0 49
0 50
0 51
0 52
0 53
0 54
0 55
0 56
0 57
0 58
==========================6===========================
vessel6's yard assignment
2 4 58
2 4 59
2 4 60
5 5 54
5 5 55
5 5 56
7 6 46
7 6 47
7 6 48
7 6 49
7 6 50
7 6 51
vessel6's berth allocation
2 46
2 47
2 48
2 49
2 50
2 51
2 52
2 53
2 54
2 55
2 56
2 57
2 58
2 59
2 60
2 61
==========================7===========================
vessel7's yard assignment
2 4 53
2 4 54
2 4 55
2 4 56
5 3 58
5 3 59
5 3 60
5 3 61
5 3 62
5 3 63
8 1 49
8 1 50
8 1 51
vessel7's berth allocation
1 49
1 50
1 51
1 52
1 53
1 54
1 55
1 56
1 57
1 58
1 59
1 60
1 61
1 62
1 63
1 64
==========================8===========================
vessel8's yard assignment
0 5 59
0 5 60
0 5 61
0 5 62
0 5 63
0 5 64
5 5 66
5 5 67
5 5 68
vessel8's berth allocation
0 59
0 60
0 61
0 62
0 63
0 64
0 65
0 66
0 67
0 68
0 69