Opt val 663200
overall runtime 655.7536815
root LS time: 8.6E-06
root Cplex time 654.6360193
root UB 663200
root LB 663200
IterNum 240
root ColumnNum 128
root Time 655.6120192
Node Num total 1
==========================1===========================
vessel1's yard assignment
0 5 4
0 5 5
0 5 6
2 6 8
2 6 9
2 6 10
2 6 11
2 6 12
vessel1's berth allocation
0 4
0 5
0 6
0 7
0 8
0 9
0 10
0 11
0 12
0 13
==========================2===========================
vessel2's yard assignment
6 0 16
6 0 17
6 0 18
6 0 19
6 0 20
6 0 21
6 0 22
6 0 23
6 0 24
8 5 26
8 5 27
8 5 28
8 5 29
8 5 30
8 5 31
vessel2's berth allocation
1 16
1 17
1 18
1 19
1 20
1 21
1 22
1 23
1 24
1 25
1 26
1 27
1 28
1 29
1 30
1 31
1 32
==========================3===========================
vessel3's yard assignment
1 5 33
1 5 34
1 5 35
1 5 36
1 5 37
1 5 38
3 3 27
3 3 28
3 3 29
3 3 30
6 2 17
6 2 18
6 2 19
6 2 20
6 2 21
6 2 22
6 2 23
6 2 24
6 2 25
vessel3's berth allocation
2 17
2 18
2 19
2 20
2 21
2 22
2 23
2 24
2 25
2 26
2 27
2 28
2 29
2 30
2 31
2 32
2 33
2 34
2 35
2 36
2 37
2 38
2 39
==========================4===========================
vessel4's yard assignment
1 1 47
1 1 48
1 1 49
2 6 42
2 6 43
2 6 44
2 6 45
7 3 34
7 3 35
7 3 36
7 3 37
7 3 38
7 3 39
7 3 40
vessel4's berth allocation
1 34
1 35
1 36
1 37
1 38
1 39
1 40
1 41
1 42
1 43
1 44
1 45
1 46
1 47
1 48
1 49
1 50
==========================5===========================
vessel5's yard assignment
1 1 38
1 1 39
1 1 40
1 1 41
1 1 42
3 3 44
3 3 45
3 3 46
3 3 47
3 3 48
6 2 50
6 2 51
6 2 52
6 2 53
6 2 54
6 2 55
6 2 56
vessel5's berth allocation
0 38
0 39
0 40
0 41
0 42
0 43
0 44
0 45
0 46
0 47
0 48
0 49
0 50
0 51
0 52
0 53
0 54
0 55
0 56
0 57
==========================6===========================
vessel6's yard assignment
3 5 43
3 5 44
3 5 45
3 5 46
3 5 47
3 5 48
3 5 49
3 5 54
3 5 55
6 0 57
6 0 58
6 0 59
6 0 60
6 0 61
6 0 62
6 0 63
vessel6's berth allocation
2 43
2 44
2 45
2 46
2 47
2 48
2 49
2 50
2 51
2 52
2 53
2 54
2 55
2 56
2 57
2 58
2 59
2 60
2 61
2 62
2 63
2 64
==========================7===========================
vessel7's yard assignment
2 4 52
2 4 53
2 4 54
2 4 55
2 4 56
7 3 58
7 3 59
7 3 60
7 3 61
7 3 62
7 3 63
vessel7's berth allocation
1 52
1 53
1 54
1 55
1 56
1 57
1 58
1 59
1 60
1 61
1 62
1 63
1 64
==========================8===========================
vessel8's yard assignment
0 5 62
0 5 63
0 5 64
8 5 58
8 5 59
8 5 60
vessel8's berth allocation
0 58
0 59
0 60
0 61
0 62
0 63
0 64
0 65