Opt val 1045300
overall runtime 1455.0692738
root LS time: 37.623510200000034
root Cplex time 1415.3286778999993
root UB 1045300
root LB 1045300
IterNum 420
root ColumnNum 131
root Time 1454.8507897
Node Num total 1
==========================1===========================
vessel1's yard assignment
6 0 4
6 0 5
6 0 6
6 0 7
6 0 8
6 0 9
6 0 10
8 1 12
8 1 13
8 1 14
8 1 15
8 1 16
8 1 17
8 1 18
vessel1's berth allocation
0 4
0 5
0 6
0 7
0 8
0 9
0 10
0 11
0 12
0 13
0 14
0 15
0 16
0 17
0 18
0 19
==========================2===========================
vessel2's yard assignment
0 6 14
0 6 15
0 6 16
0 6 17
0 6 18
0 6 19
0 6 20
1 5 9
1 5 10
1 5 11
1 5 12
6 0 22
6 0 23
6 0 24
6 0 25
vessel2's berth allocation
2 9
2 10
2 11
2 12
2 13
2 14
2 15
2 16
2 17
2 18
2 19
2 20
2 21
2 22
2 23
2 24
2 25
2 26
==========================3===========================
vessel3's yard assignment
5 3 24
5 3 25
5 3 26
5 3 27
5 3 28
5 3 29
5 3 30
8 5 14
8 5 15
8 5 16
8 5 17
8 5 18
8 5 19
vessel3's berth allocation
1 14
1 15
1 16
1 17
1 18
1 19
1 20
1 21
1 22
1 23
1 24
1 25
1 26
1 27
1 28
1 29
1 30
1 31
==========================4===========================
vessel4's yard assignment
3 5 28
3 5 29
3 5 30
3 5 31
3 5 32
3 5 33
4 7 20
4 7 21
4 7 22
4 7 23
4 7 24
4 7 25
4 7 26
vessel4's berth allocation
0 20
0 21
0 22
0 23
0 24
0 25
0 26
0 27
0 28
0 29
0 30
0 31
0 32
0 33
0 34
==========================5===========================
vessel5's yard assignment
0 6 40
0 6 41
0 6 42
0 6 43
2 2 27
2 2 28
2 2 29
2 2 30
2 2 31
2 2 32
3 3 34
3 3 35
3 3 36
3 3 37
3 3 38
vessel5's berth allocation
2 27
2 28
2 29
2 30
2 31
2 32
2 33
2 34
2 35
2 36
2 37
2 38
2 39
2 40
2 41
2 42
2 43
2 44
==========================6===========================
vessel6's yard assignment
4 7 48
4 7 49
4 7 50
4 7 51
5 5 36
5 5 37
5 5 38
5 5 39
5 5 40
5 5 41
7 3 43
7 3 44
7 3 45
7 3 46
vessel6's berth allocation
1 36
1 37
1 38
1 39
1 40
1 41
1 42
1 43
1 44
1 45
1 46
1 47
1 48
1 49
1 50
1 51
1 52
==========================7===========================
vessel7's yard assignment
2 8 39
2 8 40
2 8 41
2 8 42
2 8 43
3 5 45
3 5 46
3 5 47
3 5 48
6 8 50
6 8 51
6 8 52
6 8 53
vessel7's berth allocation
0 39
0 40
0 41
0 42
0 43
0 44
0 45
0 46
0 47
0 48
0 49
0 50
0 51
0 52
0 53
0 54
==========================8===========================
vessel8's yard assignment
2 6 46
2 6 47
2 6 48
2 6 49
2 6 50
2 6 51
2 6 52
2 6 53
8 5 55
8 5 56
8 5 57
8 5 58
8 5 59
8 5 60
8 5 61
vessel8's berth allocation
2 46
2 47
2 48
2 49
2 50
2 51
2 52
2 53
2 54
2 55
2 56
2 57
2 58
2 59
2 60
2 61
2 62
==========================9===========================
vessel9's yard assignment
5 3 59
5 3 60
5 3 61
5 3 62
5 3 63
5 3 64
7 6 66
7 6 67
7 6 68
7 6 69
7 6 70
7 6 71
7 6 72
9 2 53
9 2 54
9 2 55
9 2 56
9 2 57
vessel9's berth allocation
1 53
1 54
1 55
1 56
1 57
1 58
1 59
1 60
1 61
1 62
1 63
1 64
1 65
1 66
1 67
1 68
1 69
1 70
1 71
1 72
1 73
==========================10===========================
vessel10's yard assignment
2 2 68
2 2 69
2 2 70
2 2 71
2 2 72
2 2 73
4 0 75
4 0 76
4 0 77
4 0 78
4 0 79
7 3 81
7 3 82
7 3 83
7 3 84
vessel10's berth allocation
0 68
0 69
0 70
0 71
0 72
0 73
0 74
0 75
0 76
0 77
0 78
0 79
0 80
0 81
0 82
0 83
0 84
0 85
==========================11===========================
vessel11's yard assignment
0 5 82
0 5 83
0 5 84
0 5 85
4 0 87
4 0 88
4 0 89
4 0 90
9 6 75
9 6 76
9 6 77
9 6 78
9 6 79
9 6 80
vessel11's berth allocation
1 75
1 76
1 77
1 78
1 79
1 80
1 81
1 82
1 83
1 84
1 85
1 86
1 87
1 88
1 89
1 90
1 91
==========================12===========================
vessel12's yard assignment
1 5 89
1 5 90
1 5 91
1 5 92
1 5 93
1 5 94
1 5 95
3 3 97
3 3 98
3 3 99
3 3 100
3 3 101
3 3 102
3 3 103
vessel12's berth allocation
0 89
0 90
0 91
0 92
0 93
0 94
0 95
0 96
0 97
0 98
0 99
0 100
0 101
0 102
0 103
0 104