Opt val 968090
overall runtime 249.534005
root LS time: 8.6935869
root Cplex time 238.2424253
root UB 968090
root LB 967840
IterNum 132
root ColumnNum 82
root Time 247.3566247
Node Num total 1
==========================1===========================
vessel1's yard assignment
2 2 16
2 2 17
2 2 18
2 2 19
2 2 20
2 2 21
2 2 22
3 8 32
3 8 33
3 8 34
3 8 35
3 8 36
3 8 37
3 8 38
3 8 39
7 3 24
7 3 25
7 3 26
7 3 27
7 3 28
7 3 29
7 3 30
vessel1's berth allocation
1 16
1 17
1 18
1 19
1 20
1 21
1 22
1 23
1 24
1 25
1 26
1 27
1 28
1 29
1 30
1 31
1 32
1 33
1 34
1 35
1 36
1 37
1 38
1 39
1 40
==========================2===========================
vessel2's yard assignment
0 7 22
0 7 23
0 7 24
0 7 25
0 7 26
1 3 34
1 3 35
1 3 36
1 3 37
7 6 28
7 6 29
7 6 30
7 6 31
7 6 32
vessel2's berth allocation
0 22
0 23
0 24
0 25
0 26
0 27
0 28
0 29
0 30
0 31
0 32
0 33
0 34
0 35
0 36
0 37
0 38
==========================3===========================
vessel3's yard assignment
1 5 36
1 5 37
1 5 38
8 5 40
8 5 41
8 5 42
vessel3's berth allocation
2 36
2 37
2 38
2 39
2 40
2 41
2 42
2 43
==========================4===========================
vessel4's yard assignment
6 2 50
6 2 51
6 2 52
6 2 53
6 2 54
6 2 55
6 2 56
6 2 57
6 2 58
7 3 45
7 3 46
7 3 47
7 3 48
7 3 60
7 3 61
7 3 62
7 3 63
7 3 64
vessel4's berth allocation
0 45
0 46
0 47
0 48
0 49
0 50
0 51
0 52
0 53
0 54
0 55
0 56
0 57
0 58
0 59
0 60
0 61
0 62
0 63
0 64
0 65
==========================5===========================
vessel5's yard assignment
4 6 50
4 6 51
4 6 52
4 6 53
8 5 55
8 5 56
8 5 57
8 5 58
8 5 59
vessel5's berth allocation
1 50
1 51
1 52
1 53
1 54
1 55
1 56
1 57
1 58
1 59
1 60
==========================6===========================
vessel6's yard assignment
1 5 67
1 5 68
1 5 69
2 7 59
2 7 60
2 7 61
2 7 62
2 7 63
2 7 64
2 7 65
vessel6's berth allocation
2 59
2 60
2 61
2 62
2 63
2 64
2 65
2 66
2 67
2 68
2 69
2 70
==========================7===========================
vessel7's yard assignment
3 8 67
3 8 68
3 8 69
3 8 70
3 8 71
3 8 72
3 8 73
6 0 61
6 0 62
6 0 63
6 0 64
6 0 65
vessel7's berth allocation
1 61
1 62
1 63
1 64
1 65
1 66
1 67
1 68
1 69
1 70
1 71
1 72
1 73
1 74
==========================8===========================
vessel8's yard assignment
5 6 72
5 6 73
5 6 74
5 6 75
5 6 76
5 6 77
5 6 78
5 6 79
7 6 67
7 6 68
7 6 69
7 6 70
vessel8's berth allocation
0 67
0 68
0 69
0 70
0 71
0 72
0 73
0 74
0 75
0 76
0 77
0 78
0 79
0 80
==========================9===========================
vessel9's yard assignment
1 8 88
1 8 89
1 8 90
1 8 91
1 8 92
1 8 93
2 2 73
2 2 74
2 2 75
2 2 76
2 2 77
2 2 78
5 3 80
5 3 81
5 3 82
5 3 83
5 3 84
5 3 85
5 3 86
vessel9's berth allocation
2 73
2 74
2 75
2 76
2 77
2 78
2 79
2 80
2 81
2 82
2 83
2 84
2 85
2 86
2 87
2 88
2 89
2 90
2 91
2 92
2 93
2 94
==========================10===========================
vessel10's yard assignment
0 7 84
0 7 85
0 7 86
0 7 87
0 7 88
0 7 89
0 7 90
0 7 91
4 0 93
4 0 94
4 0 95
4 0 96
7 3 98
7 3 99
7 3 100
7 3 101
7 3 102
7 3 103
vessel10's berth allocation
0 84
0 85
0 86
0 87
0 88
0 89
0 90
0 91
0 92
0 93
0 94
0 95
0 96
0 97
0 98
0 99
0 100
0 101
0 102
0 103
0 104
==========================11===========================
vessel11's yard assignment
3 5 92
3 5 93
3 5 94
3 5 95
6 0 87
6 0 88
6 0 89
6 0 90
vessel11's berth allocation
1 87
1 88
1 89
1 90
1 91
1 92
1 93
1 94
1 95
1 96
==========================12===========================
vessel12's yard assignment
1 3 107
1 3 108
1 3 109
6 0 100
6 0 101
6 0 102
6 0 103
6 0 104
6 0 105
vessel12's berth allocation
2 100
2 101
2 102
2 103
2 104
2 105
2 106
2 107
2 108
2 109
2 110