Opt val 1001940
overall runtime 950.7410235
root LS time: 20.172562599999992
root Cplex time 920.9520230000007
root UB 1001940
root LB 1001840
IterNum 348
root ColumnNum 88
root Time 942.3246307
Node Num total 1
==========================1===========================
vessel1's yard assignment
0 6 10
0 6 11
0 6 12
0 6 13
0 6 14
4 0 3
4 0 4
4 0 5
4 0 6
4 0 7
4 0 8
6 0 16
6 0 17
6 0 18
6 0 19
vessel1's berth allocation
0 3
0 4
0 5
0 6
0 7
0 8
0 9
0 10
0 11
0 12
0 13
0 14
0 15
0 16
0 17
0 18
0 19
0 20
==========================2===========================
vessel2's yard assignment
1 8 18
1 8 19
1 8 20
1 8 21
1 8 22
1 8 23
8 5 13
8 5 14
8 5 15
8 5 16
vessel2's berth allocation
1 13
1 14
1 15
1 16
1 17
1 18
1 19
1 20
1 21
1 22
1 23
1 24
==========================3===========================
vessel3's yard assignment
4 0 22
4 0 23
4 0 24
4 0 25
4 0 26
5 5 28
5 5 29
5 5 30
5 5 31
vessel3's berth allocation
2 22
2 23
2 24
2 25
2 26
2 27
2 28
2 29
2 30
2 31
2 32
==========================4===========================
vessel4's yard assignment
2 7 32
2 7 33
2 7 34
2 7 35
2 7 36
2 7 37
2 7 38
7 3 40
7 3 41
7 3 42
7 3 43
7 3 44
7 3 45
vessel4's berth allocation
0 32
0 33
0 34
0 35
0 36
0 37
0 38
0 39
0 40
0 41
0 42
0 43
0 44
0 45
0 46
==========================5===========================
vessel5's yard assignment
0 7 62
0 7 63
0 7 64
0 7 65
0 7 66
0 7 67
0 7 68
0 7 69
5 6 47
5 6 48
5 6 49
5 6 50
5 6 51
5 6 52
5 6 53
8 5 55
8 5 56
8 5 57
8 5 58
8 5 59
8 5 60
vessel5's berth allocation
1 47
1 48
1 49
1 50
1 51
1 52
1 53
1 54
1 55
1 56
1 57
1 58
1 59
1 60
1 61
1 62
1 63
1 64
1 65
1 66
1 67
1 68
1 69
1 70
==========================6===========================
vessel6's yard assignment
0 7 52
0 7 53
0 7 54
0 7 55
0 7 56
0 7 57
0 7 58
3 3 60
3 3 61
3 3 62
3 3 63
3 3 64
vessel6's berth allocation
2 52
2 53
2 54
2 55
2 56
2 57
2 58
2 59
2 60
2 61
2 62
2 63
2 64
2 65
==========================7===========================
vessel7's yard assignment
1 8 72
1 8 73
1 8 74
1 8 75
1 8 76
1 8 77
5 6 65
5 6 66
5 6 67
5 6 68
5 6 69
5 6 70
vessel7's berth allocation
0 65
0 66
0 67
0 68
0 69
0 70
0 71
0 72
0 73
0 74
0 75
0 76
0 77
0 78
==========================8===========================
vessel8's yard assignment
3 3 79
3 3 80
3 3 81
3 3 82
3 3 83
3 3 84
7 6 73
7 6 74
7 6 75
7 6 76
7 6 77
8 5 66
8 5 67
8 5 68
8 5 69
8 5 70
8 5 71
vessel8's berth allocation
2 66
2 67
2 68
2 69
2 70
2 71
2 72
2 73
2 74
2 75
2 76
2 77
2 78
2 79
2 80
2 81
2 82
2 83
2 84
2 85
==========================9===========================
vessel9's yard assignment
4 4 79
4 4 80
4 4 81
4 4 82
4 4 83
4 4 84
4 4 85
6 0 87
6 0 88
6 0 89
6 0 90
6 0 91
6 0 92
6 0 93
6 0 94
vessel9's berth allocation
1 79
1 80
1 81
1 82
1 83
1 84
1 85
1 86
1 87
1 88
1 89
1 90
1 91
1 92
1 93
1 94
1 95
==========================10===========================
vessel10's yard assignment
0 7 81
0 7 82
0 7 83
0 7 84
0 7 85
0 7 86
0 7 87
0 7 88
7 6 98
7 6 99
7 6 100
7 6 101
7 6 102
8 5 90
8 5 91
8 5 92
8 5 93
8 5 94
8 5 95
8 5 96
vessel10's berth allocation
0 81
0 82
0 83
0 84
0 85
0 86
0 87
0 88
0 89
0 90
0 91
0 92
0 93
0 94
0 95
0 96
0 97
0 98
0 99
0 100
0 101
0 102
0 103
==========================11===========================
vessel11's yard assignment
2 2 86
2 2 87
2 2 88
2 2 89
2 2 90
2 2 91
2 2 92
2 2 93
2 2 94
5 3 96
5 3 97
5 3 98
5 3 99
5 3 100
5 3 101
5 3 102
5 3 103
5 3 104
vessel11's berth allocation
2 86
2 87
2 88
2 89
2 90
2 91
2 92
2 93
2 94
2 95
2 96
2 97
2 98
2 99
2 100
2 101
2 102
2 103
2 104
2 105
==========================12===========================
vessel12's yard assignment
0 7 102
0 7 103
0 7 104
0 7 105
0 7 106
5 3 108
5 3 109
5 3 110
5 3 111
5 3 112
5 3 113
6 0 96
6 0 97
6 0 98
6 0 99
6 0 100
vessel12's berth allocation
1 96
1 97
1 98
1 99
1 100
1 101
1 102
1 103
1 104
1 105
1 106
1 107
1 108
1 109
1 110
1 111
1 112
1 113
1 114