Opt val 921000
overall runtime 194.9402445
root LS time: 8.480277800000003
root Cplex time 180.7300323
root UB 921000
root LB 920900
IterNum 168
root ColumnNum 73
root Time 189.6866783
Node Num total 1
==========================1===========================
vessel1's yard assignment
4 0 4
4 0 5
4 0 6
4 0 7
4 0 8
4 0 9
5 5 11
5 5 12
5 5 13
5 5 14
5 5 15
vessel1's berth allocation
0 4
0 5
0 6
0 7
0 8
0 9
0 10
0 11
0 12
0 13
0 14
0 15
0 16
==========================2===========================
vessel2's yard assignment
1 8 23
1 8 24
1 8 25
1 8 26
7 6 15
7 6 16
7 6 17
7 6 18
7 6 19
7 6 20
7 6 21
vessel2's berth allocation
1 15
1 16
1 17
1 18
1 19
1 20
1 21
1 22
1 23
1 24
1 25
1 26
1 27
==========================3===========================
vessel3's yard assignment
6 0 21
6 0 22
6 0 23
8 5 25
8 5 26
8 5 27
vessel3's berth allocation
0 21
0 22
0 23
0 24
0 25
0 26
0 27
0 28
==========================4===========================
vessel4's yard assignment
2 2 45
2 2 46
2 2 47
2 2 48
2 2 49
7 3 36
7 3 37
7 3 38
7 3 39
7 3 40
7 3 41
7 3 42
7 3 43
8 5 30
8 5 31
8 5 32
8 5 33
8 5 34
vessel4's berth allocation
2 30
2 31
2 32
2 33
2 34
2 35
2 36
2 37
2 38
2 39
2 40
2 41
2 42
2 43
2 44
2 45
2 46
2 47
2 48
2 49
2 50
==========================5===========================
vessel5's yard assignment
2 7 35
2 7 36
2 7 37
2 7 38
3 8 48
3 8 49
3 8 50
3 8 51
3 8 52
7 6 40
7 6 41
7 6 42
7 6 43
7 6 44
7 6 45
7 6 46
vessel5's berth allocation
0 35
0 36
0 37
0 38
0 39
0 40
0 41
0 42
0 43
0 44
0 45
0 46
0 47
0 48
0 49
0 50
0 51
0 52
0 53
==========================6===========================
vessel6's yard assignment
2 6 49
2 6 50
2 6 51
2 6 52
2 6 53
3 5 36
3 5 37
3 5 38
3 5 39
3 5 40
5 5 42
5 5 43
5 5 44
5 5 45
5 5 46
5 5 47
vessel6's berth allocation
1 36
1 37
1 38
1 39
1 40
1 41
1 42
1 43
1 44
1 45
1 46
1 47
1 48
1 49
1 50
1 51
1 52
1 53
1 54
==========================7===========================
vessel7's yard assignment
4 0 61
4 0 62
4 0 63
4 0 64
4 0 65
6 2 52
6 2 53
6 2 54
6 2 55
6 2 56
6 2 57
6 2 58
6 2 59
7 6 67
7 6 68
7 6 69
vessel7's berth allocation
2 52
2 53
2 54
2 55
2 56
2 57
2 58
2 59
2 60
2 61
2 62
2 63
2 64
2 65
2 66
2 67
2 68
2 69
2 70
==========================8===========================
vessel8's yard assignment
1 5 66
1 5 67
1 5 68
1 5 69
1 5 70
1 5 71
8 5 59
8 5 60
8 5 61
8 5 62
8 5 63
8 5 64
vessel8's berth allocation
1 59
1 60
1 61
1 62
1 63
1 64
1 65
1 66
1 67
1 68
1 69
1 70
1 71
1 72
==========================9===========================
vessel9's yard assignment
0 7 66
0 7 67
0 7 68
0 7 69
3 3 60
3 3 61
3 3 62
3 3 63
3 3 64
vessel9's berth allocation
0 60
0 61
0 62
0 63
0 64
0 65
0 66
0 67
0 68
0 69
0 70
==========================10===========================
vessel10's yard assignment
0 7 81
0 7 82
0 7 83
0 7 84
0 7 85
0 7 86
0 7 87
0 7 88
7 6 74
7 6 75
7 6 76
7 6 77
7 6 78
7 6 79
8 5 90
8 5 91
8 5 92
8 5 93
8 5 94
vessel10's berth allocation
0 74
0 75
0 76
0 77
0 78
0 79
0 80
0 81
0 82
0 83
0 84
0 85
0 86
0 87
0 88
0 89
0 90
0 91
0 92
0 93
0 94
0 95
==========================11===========================
vessel11's yard assignment
5 3 81
5 3 82
5 3 83
5 3 84
5 3 85
5 3 86
6 0 77
6 0 78
6 0 79
vessel11's berth allocation
2 77
2 78
2 79
2 80
2 81
2 82
2 83
2 84
2 85
2 86
2 87
==========================12===========================
vessel12's yard assignment
1 5 86
1 5 87
1 5 88
7 6 92
7 6 93
7 6 94
7 6 95
7 6 96
vessel12's berth allocation
1 86
1 87
1 88
1 89
1 90
1 91
1 92
1 93
1 94
1 95
1 96
1 97