Opt val 699450
overall runtime 2614.947303
root LS time: 13.283295799999996
root Cplex time 2600.0570608999997
root UB 699450
root LB 699250
IterNum 336
root ColumnNum 141
root Time 2614.819843
Node Num total 1
==========================1===========================
vessel1's yard assignment
0 6 3
0 6 4
0 6 5
0 6 6
0 6 7
0 6 8
1 5 10
1 5 11
1 5 12
vessel1's berth allocation
0 3
0 4
0 5
0 6
0 7
0 8
0 9
0 10
0 11
0 12
0 13
==========================2===========================
vessel2's yard assignment
2 2 9
2 2 10
2 2 11
2 2 12
8 5 4
8 5 5
8 5 6
8 5 7
vessel2's berth allocation
2 4
2 5
2 6
2 7
2 8
2 9
2 10
2 11
2 12
2 13
==========================3===========================
vessel3's yard assignment
0 5 25
0 5 26
0 5 27
0 5 28
0 5 29
0 5 30
0 5 31
0 5 32
5 6 13
5 6 14
5 6 15
5 6 16
5 6 17
5 6 18
5 6 19
5 6 20
5 6 21
vessel3's berth allocation
1 13
1 14
1 15
1 16
1 17
1 18
1 19
1 20
1 21
1 22
1 23
1 24
1 25
1 26
1 27
1 28
1 29
1 30
1 31
1 32
1 33
==========================4===========================
vessel4's yard assignment
1 1 17
1 1 18
1 1 19
1 1 20
1 1 29
3 3 24
3 3 25
3 3 26
3 3 27
vessel4's berth allocation
0 17
0 18
0 19
0 20
0 21
0 22
0 23
0 24
0 25
0 26
0 27
0 28
0 29
0 30
==========================5===========================
vessel5's yard assignment
1 5 35
1 5 36
1 5 37
1 5 38
1 5 39
2 2 25
2 2 26
2 2 27
2 2 28
2 2 29
2 2 30
2 2 31
2 2 32
2 2 33
3 5 41
3 5 42
3 5 43
3 5 44
3 5 45
vessel5's berth allocation
2 25
2 26
2 27
2 28
2 29
2 30
2 31
2 32
2 33
2 34
2 35
2 36
2 37
2 38
2 39
2 40
2 41
2 42
2 43
2 44
2 45
2 46
==========================6===========================
vessel6's yard assignment
3 3 34
3 3 35
3 3 36
3 3 37
3 3 38
3 3 39
3 3 40
3 3 41
5 6 43
5 6 44
5 6 45
5 6 46
5 6 47
5 6 48
5 6 49
5 6 50
5 6 51
vessel6's berth allocation
1 34
1 35
1 36
1 37
1 38
1 39
1 40
1 41
1 42
1 43
1 44
1 45
1 46
1 47
1 48
1 49
1 50
1 51
1 52
==========================7===========================
vessel7's yard assignment
0 1 37
0 1 38
0 1 39
0 1 40
0 1 41
4 0 32
4 0 33
4 0 34
4 0 35
vessel7's berth allocation
0 32
0 33
0 34
0 35
0 36
0 37
0 38
0 39
0 40
0 41
0 42
==========================8===========================
vessel8's yard assignment
4 4 43
4 4 44
4 4 45
4 4 53
4 4 54
8 1 47
8 1 48
8 1 49
8 1 50
8 1 51
vessel8's berth allocation
0 43
0 44
0 45
0 46
0 47
0 48
0 49
0 50
0 51
0 52
0 53
0 54
0 55