Feas val 763750
overall runtime 7200
root LS time: 23.3414405
root Cplex time 1540.0992208
root UB 786550
root LB 759483.3333333333
IterNum 392
root ColumnNum 239
root Time 1566.0129399
Node Num total 6
==========================1===========================
vessel1's yard assignment
2 6 14
2 6 15
2 6 16
2 6 17
2 6 18
2 6 19
2 6 20
4 4 24
4 4 25
4 4 26
4 4 27
4 4 28
4 4 29
8 5 31
8 5 32
8 5 33
8 5 34
8 5 35
8 5 36
vessel1's berth allocation
1 14
1 15
1 16
1 17
1 18
1 19
1 20
1 21
1 22
1 23
1 24
1 25
1 26
1 27
1 28
1 29
1 30
1 31
1 32
1 33
1 34
1 35
1 36
1 37
==========================2===========================
vessel2's yard assignment
2 2 20
2 2 21
2 2 22
6 2 24
6 2 25
6 2 26
6 2 27
6 2 28
7 3 16
7 3 17
7 3 18
vessel2's berth allocation
0 16
0 17
0 18
0 19
0 20
0 21
0 22
0 23
0 24
0 25
0 26
0 27
0 28
0 29
==========================3===========================
vessel3's yard assignment
5 3 25
5 3 26
5 3 27
5 3 28
5 3 29
5 3 30
6 0 21
6 0 22
6 0 23
vessel3's berth allocation
2 21
2 22
2 23
2 24
2 25
2 26
2 27
2 28
2 29
2 30
2 31
==========================4===========================
vessel4's yard assignment
1 3 36
1 3 37
1 3 38
7 6 30
7 6 31
7 6 32
7 6 33
7 6 34
vessel4's berth allocation
0 30
0 31
0 32
0 33
0 34
0 35
0 36
0 37
0 38
0 39
==========================5===========================
vessel5's yard assignment
4 4 46
4 4 47
4 4 48
4 4 49
4 4 52
4 4 53
4 4 54
4 4 55
4 4 56
5 5 38
5 5 39
5 5 40
5 5 41
5 5 42
5 5 43
5 5 44
vessel5's berth allocation
1 38
1 39
1 40
1 41
1 42
1 43
1 44
1 45
1 46
1 47
1 48
1 49
1 50
1 51
1 52
1 53
1 54
1 55
1 56
1 57
==========================6===========================
vessel6's yard assignment
0 1 43
0 1 44
0 1 45
0 1 46
0 1 47
0 1 48
0 1 49
0 1 50
0 1 62
2 2 52
2 2 53
2 2 54
2 2 55
2 2 56
2 2 57
2 2 58
2 2 59
2 2 60
vessel6's berth allocation
2 43
2 44
2 45
2 46
2 47
2 48
2 49
2 50
2 51
2 52
2 53
2 54
2 55
2 56
2 57
2 58
2 59
2 60
2 61
2 62
2 63
==========================7===========================
vessel7's yard assignment
1 3 63
1 3 64
1 3 65
3 3 58
3 3 59
3 3 60
3 3 61
8 5 67
8 5 68
8 5 69
8 5 70
8 5 71
vessel7's berth allocation
1 58
1 59
1 60
1 61
1 62
1 63
1 64
1 65
1 66
1 67
1 68
1 69
1 70
1 71
1 72
==========================8===========================
vessel8's yard assignment
0 6 50
0 6 51
0 6 52
1 5 59
1 5 60
1 5 61
1 5 62
1 5 63
1 5 64
1 5 65
3 5 54
3 5 55
3 5 56
3 5 57
vessel8's berth allocation
0 50
0 51
0 52
0 53
0 54
0 55
0 56
0 57
0 58
0 59
0 60
0 61
0 62
0 63
0 64
0 65
0 66