Opt val 838949.9999999998
overall runtime 4575.5926512
root LS time: 30.918781599999992
root Cplex time 1957.1186555000006
root UB 855900
root LB 838451.9999999998
IterNum 416
root ColumnNum 339
root Time 1991.7011005
Node Num total 3
==========================1===========================
vessel1's yard assignment
2 2 20
2 2 21
2 2 22
2 2 23
2 2 24
6 0 16
6 0 17
6 0 18
8 5 26
8 5 27
8 5 28
8 5 29
8 5 30
8 5 31
8 5 32
vessel1's berth allocation
0 16
0 17
0 18
0 19
0 20
0 21
0 22
0 23
0 24
0 25
0 26
0 27
0 28
0 29
0 30
0 31
0 32
0 33
==========================2===========================
vessel2's yard assignment
0 6 19
0 6 20
0 6 21
0 6 31
0 6 32
0 6 33
1 3 24
1 3 25
1 3 26
1 3 27
1 3 28
1 3 29
8 5 35
8 5 36
8 5 37
vessel2's berth allocation
1 19
1 20
1 21
1 22
1 23
1 24
1 25
1 26
1 27
1 28
1 29
1 30
1 31
1 32
1 33
1 34
1 35
1 36
1 37
1 38
==========================3===========================
vessel3's yard assignment
0 1 28
0 1 29
0 1 30
0 1 31
0 1 32
3 3 38
3 3 39
3 3 40
3 3 41
7 3 34
7 3 35
7 3 36
vessel3's berth allocation
2 28
2 29
2 30
2 31
2 32
2 33
2 34
2 35
2 36
2 37
2 38
2 39
2 40
2 41
2 42
==========================4===========================
vessel4's yard assignment
0 1 34
0 1 35
0 1 36
0 1 37
0 1 38
0 1 39
4 4 41
4 4 42
4 4 43
4 4 44
4 4 45
6 2 47
6 2 48
6 2 49
6 2 50
6 2 51
6 2 52
vessel4's berth allocation
0 34
0 35
0 36
0 37
0 38
0 39
0 40
0 41
0 42
0 43
0 44
0 45
0 46
0 47
0 48
0 49
0 50
0 51
0 52
0 53
==========================5===========================
vessel5's yard assignment
1 5 39
1 5 40
1 5 41
1 5 42
1 5 43
1 5 44
2 6 46
2 6 47
2 6 48
2 6 49
2 6 50
2 6 51
2 6 52
5 5 54
5 5 55
5 5 56
vessel5's berth allocation
1 39
1 40
1 41
1 42
1 43
1 44
1 45
1 46
1 47
1 48
1 49
1 50
1 51
1 52
1 53
1 54
1 55
1 56
1 57
==========================6===========================
vessel6's yard assignment
3 5 48
3 5 49
3 5 62
3 5 63
3 5 64
3 5 65
3 5 66
3 5 67
3 5 68
4 4 52
4 4 53
4 4 54
4 4 55
4 4 56
4 4 57
4 4 58
4 4 59
4 4 60
vessel6's berth allocation
2 48
2 49
2 50
2 51
2 52
2 53
2 54
2 55
2 56
2 57
2 58
2 59
2 60
2 61
2 62
2 63
2 64
2 65
2 66
2 67
2 68
2 69
==========================7===========================
vessel7's yard assignment
0 1 67
0 1 68
0 1 69
0 1 70
2 2 54
2 2 55
2 2 56
2 2 57
2 2 58
2 2 59
2 2 60
7 3 62
7 3 63
7 3 64
7 3 65
vessel7's berth allocation
0 54
0 55
0 56
0 57
0 58
0 59
0 60
0 61
0 62
0 63
0 64
0 65
0 66
0 67
0 68
0 69
0 70
0 71
==========================8===========================
vessel8's yard assignment
5 6 70
5 6 71
5 6 72
5 6 73
5 6 74
5 6 75
5 6 76
6 0 58
6 0 59
6 0 60
6 0 61
6 0 62
7 6 64
7 6 65
7 6 66
7 6 67
7 6 68
vessel8's berth allocation
1 58
1 59
1 60
1 61
1 62
1 63
1 64
1 65
1 66
1 67
1 68
1 69
1 70
1 71
1 72
1 73
1 74
1 75
1 76
1 77