Opt val 1336650
overall runtime 2029.2373034
root LS time: 16.4537884
root Cplex time 1150.8321361999995
root UB 1360900
root LB 1334300
IterNum 585
root ColumnNum 296
root Time 1170.2176122
Node Num total 3


==========================1===========================
vessel1's yard assignment
2 6 29
2 6 30
2 6 31
7 3 42
7 3 43
7 3 44
7 3 45
8 1 33
8 1 34
8 1 35
8 1 36
8 1 37
8 1 38
8 1 39
8 1 40
vessel1's berth allocation
0 29
0 30
0 31
0 32
0 33
0 34
0 35
0 36
0 37
0 38
0 39
0 40
0 41
0 42
0 43
0 44
0 45
0 46
==========================2===========================
vessel2's yard assignment
2 2 42
2 2 43
2 2 44
2 2 45
2 2 46
2 2 47
2 2 48
2 2 49
2 2 50
5 5 34
5 5 35
5 5 36
5 5 37
5 5 38
5 5 39
5 5 40
vessel2's berth allocation
2 34
2 35
2 36
2 37
2 38
2 39
2 40
2 41
2 42
2 43
2 44
2 45
2 46
2 47
2 48
2 49
2 50
2 51
==========================3===========================
vessel3's yard assignment
2 6 40
2 6 41
2 6 42
5 3 36
5 3 37
5 3 38
vessel3's berth allocation
1 36
1 37
1 38
1 39
1 40
1 41
1 42
1 43
==========================4===========================
vessel4's yard assignment
1 1 47
1 1 48
1 1 49
1 1 50
1 1 51
1 1 52
1 1 64
1 1 65
1 1 66
3 5 54
3 5 55
3 5 56
3 5 57
3 5 58
3 5 59
3 5 60
3 5 61
3 5 62
vessel4's berth allocation
1 47
1 48
1 49
1 50
1 51
1 52
1 53
1 54
1 55
1 56
1 57
1 58
1 59
1 60
1 61
1 62
1 63
1 64
1 65
1 66
1 67
==========================5===========================
vessel5's yard assignment
4 0 55
4 0 56
4 0 57
4 0 58
4 0 59
4 0 60
5 6 50
5 6 51
5 6 52
5 6 53
5 6 64
5 6 65
5 6 66
vessel5's berth allocation
0 50
0 51
0 52
0 53
0 54
0 55
0 56
0 57
0 58
0 59
0 60
0 61
0 62
0 63
0 64
0 65
0 66
0 67
==========================6===========================
vessel6's yard assignment
1 1 68
1 1 69
1 1 70
3 5 64
3 5 65
3 5 66
7 3 57
7 3 58
7 3 59
7 3 60
7 3 61
vessel6's berth allocation
2 53
2 54
2 55
2 56
2 57
2 58
2 59
2 60
2 61
2 62
2 63
2 64
2 65
2 66
2 67
2 68
2 69
2 70
2 71
==========================7===========================
vessel7's yard assignment
3 3 75
3 3 76
3 3 77
3 3 78
3 3 79
3 3 80
8 5 68
8 5 69
8 5 70
8 5 71
8 5 82
8 5 83
8 5 84
8 5 85
8 5 86
vessel7's berth allocation
0 68
0 69
0 70
0 71
0 72
0 73
0 74
0 75
0 76
0 77
0 78
0 79
0 80
0 81
0 82
0 83
0 84
0 85
0 86
0 87
==========================8===========================
vessel8's yard assignment
4 6 73
4 6 74
4 6 75
6 2 69
6 2 70
6 2 71
vessel8's berth allocation
1 69
1 70
1 71
1 72
1 73
1 74
1 75
1 76
==========================9===========================
vessel9's yard assignment
0 1 81
0 1 82
0 1 83
0 1 84
0 1 85
0 1 86
0 1 87
0 1 88
0 1 89
6 2 75
6 2 76
6 2 77
6 2 78
6 2 79
6 2 91
6 2 92
6 2 93
vessel9's berth allocation
2 75
2 76
2 77
2 78
2 79
2 80
2 81
2 82
2 83
2 84
2 85
2 86
2 87
2 88
2 89
2 90
2 91
2 92
2 93
2 94
==========================10===========================
vessel10's yard assignment
3 5 88
3 5 89
3 5 90
3 5 91
3 5 92
3 5 93
3 5 94
3 5 95
4 0 79
4 0 80
4 0 81
4 0 97
4 0 98
5 3 83
5 3 84
5 3 85
5 3 86
vessel10's berth allocation
1 79
1 80
1 81
1 82
1 83
1 84
1 85
1 86
1 87
1 88
1 89
1 90
1 91
1 92
1 93
1 94
1 95
1 96
1 97
1 98
1 99
==========================11===========================
vessel11's yard assignment
4 0 88
4 0 89
4 0 90
4 0 91
4 0 92
4 0 93
6 2 95
6 2 96
6 2 97
6 2 98
6 2 99
vessel11's berth allocation
0 88
0 89
0 90
0 91
0 92
0 93
0 94
0 95
0 96
0 97
0 98
0 99
0 100
==========================12===========================
vessel12's yard assignment
4 6 111
4 6 112
4 6 113
4 6 114
4 6 115
4 6 116
4 6 117
4 6 118
4 6 119
5 6 99
5 6 100
5 6 101
5 6 102
5 6 103
5 6 104
5 6 105
5 6 106
5 6 121
vessel12's berth allocation
2 99
2 100
2 101
2 102
2 103
2 104
2 105
2 106
2 107
2 108
2 109
2 110
2 111
2 112
2 113
2 114
2 115
2 116
2 117
2 118
2 119
2 120
2 121
2 122
==========================13===========================
vessel13's yard assignment
2 2 119
2 2 120
2 2 121
2 2 122
3 3 112
3 3 113
3 3 114
3 3 115
3 3 116
3 3 117
7 3 106
7 3 107
7 3 108
7 3 109
7 3 110
vessel13's berth allocation
1 106
1 107
1 108
1 109
1 110
1 111
1 112
1 113
1 114
1 115
1 116
1 117
1 118
1 119
1 120
1 121
1 122
1 123
==========================14===========================
vessel14's yard assignment
0 1 109
0 1 110
0 1 111
0 1 112
8 1 114
8 1 115
8 1 116
8 1 117
8 1 118
8 1 119
vessel14's berth allocation
0 109
0 110
0 111
0 112
0 113
0 114
0 115
0 116
0 117
0 118
0 119
0 120
==========================15===========================
vessel15's yard assignment
0 5 121
0 5 122
0 5 123
0 5 124
0 5 125
0 5 126
1 5 128
1 5 129
1 5 130
1 5 131
1 5 132
1 5 133
vessel15's berth allocation
0 121
0 122
0 123
0 124
0 125
0 126
0 127
0 128
0 129
0 130
0 131
0 132
0 133
0 134