Opt val 1175300
overall runtime 5898.7230043
root LS time: 46.05092189999996
root Cplex time 2838.576836900001
root UB 1179450
root LB 1170680
IterNum 825
root ColumnNum 510
root Time 2890.9006715
Node Num total 3
==========================1===========================
vessel1's yard assignment
5 5 10
5 5 11
5 5 12
5 5 13
5 5 14
7 6 16
7 6 17
7 6 18
7 6 19
7 6 20
7 6 21
vessel1's berth allocation
2 10
2 11
2 12
2 13
2 14
2 15
2 16
2 17
2 18
2 19
2 20
2 21
2 22
==========================2===========================
vessel2's yard assignment
1 1 29
1 1 30
1 1 31
1 1 32
1 1 33
4 0 19
4 0 20
4 0 21
4 0 22
5 3 24
5 3 25
5 3 26
5 3 27
vessel2's berth allocation
0 19
0 20
0 21
0 22
0 23
0 24
0 25
0 26
0 27
0 28
0 29
0 30
0 31
0 32
0 33
0 34
==========================3===========================
vessel3's yard assignment
1 1 37
1 1 38
1 1 39
1 1 40
1 1 41
1 1 42
5 6 31
5 6 32
5 6 33
5 6 34
5 6 35
8 5 25
8 5 26
8 5 27
8 5 28
8 5 29
vessel3's berth allocation
2 25
2 26
2 27
2 28
2 29
2 30
2 31
2 32
2 33
2 34
2 35
2 36
2 37
2 38
2 39
2 40
2 41
2 42
2 43
==========================4===========================
vessel4's yard assignment
1 5 31
1 5 32
1 5 33
2 2 25
2 2 26
2 2 27
3 3 29
3 3 35
3 3 36
3 3 37
3 3 38
vessel4's berth allocation
1 25
1 26
1 27
1 28
1 29
1 30
1 31
1 32
1 33
1 34
1 35
1 36
1 37
1 38
1 39
==========================5===========================
vessel5's yard assignment
3 3 40
3 3 41
3 3 42
3 3 43
3 3 44
5 5 35
5 5 36
5 5 37
5 5 38
vessel5's berth allocation
0 35
0 36
0 37
0 38
0 39
0 40
0 41
0 42
0 43
0 44
0 45
==========================6===========================
vessel6's yard assignment
6 0 42
6 0 43
6 0 44
6 0 45
6 0 55
7 6 47
7 6 48
7 6 49
7 6 50
7 6 51
7 6 52
7 6 53
vessel6's berth allocation
1 42
1 43
1 44
1 45
1 46
1 47
1 48
1 49
1 50
1 51
1 52
1 53
1 54
1 55
1 56
==========================7===========================
vessel7's yard assignment
6 2 50
6 2 51
6 2 52
6 2 53
8 5 44
8 5 45
8 5 46
8 5 47
8 5 48
vessel7's berth allocation
2 44
2 45
2 46
2 47
2 48
2 49
2 50
2 51
2 52
2 53
2 54
==========================8===========================
vessel8's yard assignment
0 1 50
0 1 51
0 1 52
0 1 62
0 1 63
0 1 64
3 5 54
3 5 66
3 5 67
3 5 68
3 5 69
4 4 56
4 4 57
4 4 58
4 4 59
4 4 60
vessel8's berth allocation
0 50
0 51
0 52
0 53
0 54
0 55
0 56
0 57
0 58
0 59
0 60
0 61
0 62
0 63
0 64
0 65
0 66
0 67
0 68
0 69
0 70
==========================9===========================
vessel9's yard assignment
0 5 60
0 5 61
0 5 62
1 5 56
1 5 57
1 5 58
vessel9's berth allocation
2 56
2 57
2 58
2 59
2 60
2 61
2 62
2 63
==========================10===========================
vessel10's yard assignment
3 3 60
3 3 61
3 3 62
3 3 63
3 3 64
3 3 65
3 3 66
3 3 67
3 3 68
7 6 70
7 6 71
7 6 72
7 6 73
7 6 74
7 6 75
7 6 76
7 6 77
7 6 78
vessel10's berth allocation
1 60
1 61
1 62
1 63
1 64
1 65
1 66
1 67
1 68
1 69
1 70
1 71
1 72
1 73
1 74
1 75
1 76
1 77
1 78
1 79
==========================11===========================
vessel11's yard assignment
2 2 70
2 2 71
2 2 72
2 2 73
2 2 74
2 2 75
4 4 77
4 4 78
4 4 79
4 4 80
4 4 81
4 4 82
6 0 64
6 0 65
6 0 66
6 0 67
6 0 68
vessel11's berth allocation
2 64
2 65
2 66
2 67
2 68
2 69
2 70
2 71
2 72
2 73
2 74
2 75
2 76
2 77
2 78
2 79
2 80
2 81
2 82
2 83
==========================12===========================
vessel12's yard assignment
3 3 79
3 3 80
3 3 81
3 3 82
7 3 75
7 3 76
7 3 77
8 5 71
8 5 84
8 5 85
vessel12's berth allocation
0 71
0 72
0 73
0 74
0 75
0 76
0 77
0 78
0 79
0 80
0 81
0 82
0 83
0 84
0 85
0 86
==========================13===========================
vessel13's yard assignment
0 1 80
0 1 81
0 1 82
0 1 83
0 1 84
2 2 86
2 2 87
2 2 88
2 2 89
2 2 90
2 2 91
vessel13's berth allocation
1 80
1 81
1 82
1 83
1 84
1 85
1 86
1 87
1 88
1 89
1 90
1 91
1 92
==========================14===========================
vessel14's yard assignment
0 5 94
0 5 95
0 5 96
1 3 98
1 3 99
1 3 100
1 3 101
1 3 102
1 3 103
vessel14's berth allocation
0 94
0 95
0 96
0 97
0 98
0 99
0 100
0 101
0 102
0 103
0 104
==========================15===========================
vessel15's yard assignment
1 1 99
1 1 100
1 1 101
1 1 102
6 0 104
6 0 105
6 0 106
vessel15's berth allocation
1 99
1 100
1 101
1 102
1 103
1 104
1 105
1 106
1 107