Feas val 1308700
overall runtime 7200
root LS time: 51.53493170000001
root Cplex time 3487.082578899998
root UB 1308700
root LB 1298414.285714286
IterNum 1035
root ColumnNum 451
root Time 3546.2386627
Node Num total 4
==========================1===========================
vessel1's yard assignment
1 5 14
1 5 15
1 5 16
1 5 17
1 5 18
7 6 8
7 6 9
7 6 10
7 6 11
7 6 12
vessel1's berth allocation
0 8
0 9
0 10
0 11
0 12
0 13
0 14
0 15
0 16
0 17
0 18
0 19
==========================2===========================
vessel2's yard assignment
2 6 16
2 6 17
2 6 18
2 6 19
6 2 9
6 2 10
6 2 11
6 2 12
6 2 13
6 2 14
vessel2's berth allocation
1 9
1 10
1 11
1 12
1 13
1 14
1 15
1 16
1 17
1 18
1 19
1 20
==========================3===========================
vessel3's yard assignment
6 0 17
6 0 18
6 0 19
6 0 20
6 0 21
6 0 22
6 0 23
7 3 12
7 3 13
7 3 14
7 3 15
vessel3's berth allocation
2 12
2 13
2 14
2 15
2 16
2 17
2 18
2 19
2 20
2 21
2 22
2 23
2 24
==========================4===========================
vessel4's yard assignment
3 3 24
3 3 25
3 3 26
3 3 27
8 1 20
8 1 29
8 1 30
8 1 31
8 1 32
8 1 33
vessel4's berth allocation
0 20
0 21
0 22
0 23
0 24
0 25
0 26
0 27
0 28
0 29
0 30
0 31
0 32
0 33
0 34
==========================5===========================
vessel5's yard assignment
0 5 27
0 5 28
0 5 29
0 5 30
5 5 32
5 5 33
5 5 34
5 5 35
5 5 36
5 5 37
5 5 38
6 2 21
6 2 22
6 2 23
6 2 24
6 2 25
vessel5's berth allocation
1 21
1 22
1 23
1 24
1 25
1 26
1 27
1 28
1 29
1 30
1 31
1 32
1 33
1 34
1 35
1 36
1 37
1 38
1 39
==========================6===========================
vessel6's yard assignment
1 1 37
1 1 38
1 1 39
1 1 40
1 1 41
1 1 42
1 1 43
4 0 29
4 0 30
4 0 31
4 0 32
4 0 33
4 0 34
4 0 35
4 0 45
vessel6's berth allocation
2 29
2 30
2 31
2 32
2 33
2 34
2 35
2 36
2 37
2 38
2 39
2 40
2 41
2 42
2 43
2 44
2 45
2 46
==========================7===========================
vessel7's yard assignment
4 6 45
4 6 46
4 6 47
4 6 48
4 6 49
7 6 40
7 6 41
7 6 42
7 6 43
vessel7's berth allocation
1 40
1 41
1 42
1 43
1 44
1 45
1 46
1 47
1 48
1 49
1 50
==========================8===========================
vessel8's yard assignment
2 4 41
2 4 42
2 4 43
2 4 44
2 4 45
2 4 46
2 4 47
2 4 48
3 3 35
3 3 36
3 3 37
3 3 38
3 3 39
vessel8's berth allocation
0 35
0 36
0 37
0 38
0 39
0 40
0 41
0 42
0 43
0 44
0 45
0 46
0 47
0 48
0 49
==========================9===========================
vessel9's yard assignment
4 0 55
4 0 56
4 0 57
4 0 58
4 0 59
4 0 60
5 5 68
5 5 69
5 5 70
5 5 71
8 1 51
8 1 52
8 1 62
8 1 63
8 1 64
8 1 65
8 1 66
vessel9's berth allocation
2 51
2 52
2 53
2 54
2 55
2 56
2 57
2 58
2 59
2 60
2 61
2 62
2 63
2 64
2 65
2 66
2 67
2 68
2 69
2 70
2 71
2 72
==========================10===========================
vessel10's yard assignment
1 3 60
1 3 61
1 3 62
1 3 63
1 3 64
1 3 65
1 3 66
3 5 54
3 5 55
3 5 56
3 5 57
3 5 58
vessel10's berth allocation
0 54
0 55
0 56
0 57
0 58
0 59
0 60
0 61
0 62
0 63
0 64
0 65
0 66
0 67
==========================11===========================
vessel11's yard assignment
0 6 69
0 6 70
0 6 71
0 6 72
0 6 73
7 3 57
7 3 58
7 3 75
7 3 76
7 3 77
8 5 60
8 5 61
8 5 62
8 5 63
8 5 64
8 5 65
8 5 66
vessel11's berth allocation
1 56
1 57
1 58
1 59
1 60
1 61
1 62
1 63
1 64
1 65
1 66
1 67
1 68
1 69
1 70
1 71
1 72
1 73
1 74
1 75
1 76
1 77
1 78
==========================12===========================
vessel12's yard assignment
0 1 68
0 1 69
0 1 70
0 1 79
0 1 80
0 1 81
1 5 83
1 5 84
1 5 85
1 5 86
1 5 87
4 0 74
4 0 75
4 0 76
4 0 77
vessel12's berth allocation
0 68
0 69
0 70
0 71
0 72
0 73
0 74
0 75
0 76
0 77
0 78
0 79
0 80
0 81
0 82
0 83
0 84
0 85
0 86
0 87
0 88
==========================13===========================
vessel13's yard assignment
4 0 91
4 0 92
4 0 93
4 0 94
4 0 95
5 6 75
5 6 76
5 6 77
5 6 78
5 6 79
5 6 80
5 6 81
7 3 83
7 3 84
7 3 85
7 3 86
7 3 87
7 3 88
7 3 89
vessel13's berth allocation
2 75
2 76
2 77
2 78
2 79
2 80
2 81
2 82
2 83
2 84
2 85
2 86
2 87
2 88
2 89
2 90
2 91
2 92
2 93
2 94
2 95
2 96
==========================14===========================
vessel14's yard assignment
2 4 79
2 4 80
2 4 81
2 4 82
2 4 83
2 4 84
2 4 85
2 4 86
2 4 87
8 5 89
8 5 90
8 5 91
8 5 92
vessel14's berth allocation
1 79
1 80
1 81
1 82
1 83
1 84
1 85
1 86
1 87
1 88
1 89
1 90
1 91
1 92
1 93
==========================15===========================
vessel15's yard assignment
0 6 92
0 6 93
0 6 94
0 6 95
0 6 96
0 6 97
3 3 99
3 3 100
3 3 101
3 3 102
3 3 103
3 3 104
vessel15's berth allocation
0 92
0 93
0 94
0 95
0 96
0 97
0 98
0 99
0 100
0 101
0 102
0 103
0 104
0 105