Feas val 1221300
overall runtime 7200
root LS time: 41.05466140000001
root Cplex time 2016.1575267000017
root UB 1221800
root LB 1213700
IterNum 1020
root ColumnNum 463
root Time 2065.3746128
Node Num total 9
==========================1===========================
vessel1's yard assignment
1 5 8
1 5 9
1 5 10
1 5 11
1 5 12
7 6 14
7 6 15
7 6 16
7 6 17
7 6 18
vessel1's berth allocation
0 8
0 9
0 10
0 11
0 12
0 13
0 14
0 15
0 16
0 17
0 18
0 19
==========================2===========================
vessel2's yard assignment
2 6 9
2 6 10
2 6 11
2 6 12
6 2 14
6 2 15
6 2 16
vessel2's berth allocation
2 9
2 10
2 11
2 12
2 13
2 14
2 15
2 16
2 17
==========================3===========================
vessel3's yard assignment
6 0 17
6 0 18
6 0 19
6 0 20
6 0 21
6 0 22
6 0 23
7 3 12
7 3 13
7 3 14
7 3 15
vessel3's berth allocation
1 12
1 13
1 14
1 15
1 16
1 17
1 18
1 19
1 20
1 21
1 22
1 23
1 24
==========================4===========================
vessel4's yard assignment
1 1 18
1 1 19
1 1 20
1 1 29
1 1 30
1 1 31
3 3 24
3 3 25
3 3 26
3 3 27
vessel4's berth allocation
2 18
2 19
2 20
2 21
2 22
2 23
2 24
2 25
2 26
2 27
2 28
2 29
2 30
2 31
2 32
==========================5===========================
vessel5's yard assignment
0 5 34
0 5 35
0 5 36
0 5 37
6 2 20
6 2 21
6 2 22
6 2 23
6 2 24
8 5 26
8 5 27
8 5 28
8 5 29
8 5 30
8 5 31
8 5 32
vessel5's berth allocation
0 20
0 21
0 22
0 23
0 24
0 25
0 26
0 27
0 28
0 29
0 30
0 31
0 32
0 33
0 34
0 35
0 36
0 37
0 38
==========================6===========================
vessel6's yard assignment
1 1 37
1 1 38
1 1 39
1 1 40
1 1 41
1 1 42
1 1 43
4 0 29
4 0 30
4 0 31
4 0 32
4 0 33
4 0 34
4 0 35
4 0 45
vessel6's berth allocation
1 29
1 30
1 31
1 32
1 33
1 34
1 35
1 36
1 37
1 38
1 39
1 40
1 41
1 42
1 43
1 44
1 45
1 46
==========================7===========================
vessel7's yard assignment
4 6 40
4 6 41
4 6 42
7 3 34
7 3 35
7 3 36
7 3 37
vessel7's berth allocation
2 34
2 35
2 36
2 37
2 38
2 39
2 40
2 41
2 42
2 43
==========================8===========================
vessel8's yard assignment
2 2 45
2 2 46
2 2 47
2 2 48
2 2 49
2 2 50
2 2 51
2 2 52
3 5 39
3 5 40
3 5 41
3 5 42
3 5 43
vessel8's berth allocation
0 39
0 40
0 41
0 42
0 43
0 44
0 45
0 46
0 47
0 48
0 49
0 50
0 51
0 52
0 53
==========================9===========================
vessel9's yard assignment
4 0 57
4 0 58
4 0 59
4 0 60
4 0 61
4 0 62
5 6 51
5 6 52
5 6 64
5 6 65
8 5 54
8 5 55
8 5 67
8 5 68
8 5 69
8 5 70
8 5 71
vessel9's berth allocation
2 51
2 52
2 53
2 54
2 55
2 56
2 57
2 58
2 59
2 60
2 61
2 62
2 63
2 64
2 65
2 66
2 67
2 68
2 69
2 70
2 71
2 72
==========================10===========================
vessel10's yard assignment
4 4 53
4 4 54
4 4 55
4 4 56
4 4 57
8 5 59
8 5 60
8 5 61
8 5 62
8 5 63
8 5 64
8 5 65
vessel10's berth allocation
1 53
1 54
1 55
1 56
1 57
1 58
1 59
1 60
1 61
1 62
1 63
1 64
1 65
1 66
==========================11===========================
vessel11's yard assignment
0 6 74
0 6 75
0 6 76
0 6 77
0 6 78
7 3 58
7 3 59
7 3 60
7 3 61
7 3 62
8 1 64
8 1 65
8 1 66
8 1 67
8 1 68
8 1 69
8 1 70
vessel11's berth allocation
0 58
0 59
0 60
0 61
0 62
0 63
0 64
0 65
0 66
0 67
0 68
0 69
0 70
0 71
0 72
0 73
0 74
0 75
0 76
0 77
0 78
0 79
==========================12===========================
vessel12's yard assignment
0 6 67
0 6 68
0 6 69
0 6 70
0 6 71
0 6 72
1 3 80
1 3 81
1 3 82
1 3 83
1 3 84
3 3 75
3 3 76
3 3 77
3 3 78
vessel12's berth allocation
1 67
1 68
1 69
1 70
1 71
1 72
1 73
1 74
1 75
1 76
1 77
1 78
1 79
1 80
1 81
1 82
1 83
1 84
1 85
==========================13===========================
vessel13's yard assignment
4 0 75
4 0 76
4 0 77
4 0 78
4 0 90
5 5 82
5 5 83
5 5 84
5 5 85
5 5 86
5 5 87
5 5 88
7 6 80
7 6 92
7 6 93
7 6 94
7 6 95
7 6 96
7 6 97
vessel13's berth allocation
2 75
2 76
2 77
2 78
2 79
2 80
2 81
2 82
2 83
2 84
2 85
2 86
2 87
2 88
2 89
2 90
2 91
2 92
2 93
2 94
2 95
2 96
2 97
2 98
==========================14===========================
vessel14's yard assignment
2 4 80
2 4 81
2 4 82
2 4 83
2 4 84
2 4 85
2 4 86
2 4 87
2 4 88
5 5 90
5 5 91
5 5 92
5 5 93
vessel14's berth allocation
0 80
0 81
0 82
0 83
0 84
0 85
0 86
0 87
0 88
0 89
0 90
0 91
0 92
0 93
0 94
==========================15===========================
vessel15's yard assignment
0 6 100
0 6 101
0 6 102
0 6 103
0 6 104
0 6 105
2 2 94
2 2 95
2 2 96
2 2 97
2 2 98
vessel15's berth allocation
1 94
1 95
1 96
1 97
1 98
1 99
1 100
1 101
1 102
1 103
1 104
1 105
1 106