Feas val 1293500
overall runtime 7200
root LS time: 2.09E-05
root Cplex time 3879.4987335999967
root UB 1304800
root LB 1269712.5
IterNum 735
root ColumnNum 298
root Time 3883.5475715
Node Num total 3
==========================1===========================
vessel1's yard assignment
4 0 4
4 0 5
4 0 6
5 5 8
5 5 9
5 5 10
5 5 11
5 5 12
7 3 14
7 3 15
7 3 16
7 3 17
7 3 18
vessel1's berth allocation
0 4
0 5
0 6
0 7
0 8
0 9
0 10
0 11
0 12
0 13
0 14
0 15
0 16
0 17
0 18
0 19
==========================2===========================
vessel2's yard assignment
3 3 24
3 3 25
3 3 26
3 3 27
3 3 28
3 3 29
8 1 15
8 1 16
8 1 17
8 1 18
8 1 19
8 1 20
8 1 31
vessel2's berth allocation
2 15
2 16
2 17
2 18
2 19
2 20
2 21
2 22
2 23
2 24
2 25
2 26
2 27
2 28
2 29
2 30
2 31
2 32
==========================3===========================
vessel3's yard assignment
0 5 35
0 5 36
0 5 37
0 5 38
0 5 39
2 2 20
2 2 21
2 2 22
2 2 23
2 2 24
2 2 25
4 0 27
4 0 28
4 0 29
4 0 30
4 0 31
4 0 32
4 0 33
vessel3's berth allocation
1 20
1 21
1 22
1 23
1 24
1 25
1 26
1 27
1 28
1 29
1 30
1 31
1 32
1 33
1 34
1 35
1 36
1 37
1 38
1 39
1 40
==========================4===========================
vessel4's yard assignment
2 6 30
2 6 31
2 6 32
2 6 33
8 1 35
8 1 36
8 1 37
8 1 38
8 1 39
8 1 40
vessel4's berth allocation
0 30
0 31
0 32
0 33
0 34
0 35
0 36
0 37
0 38
0 39
0 40
0 41
==========================5===========================
vessel5's yard assignment
4 6 40
4 6 41
4 6 42
4 6 43
4 6 44
4 6 45
4 6 46
4 6 47
6 2 49
6 2 50
6 2 51
6 2 52
6 2 53
6 2 54
vessel5's berth allocation
2 37
2 38
2 39
2 40
2 41
2 42
2 43
2 44
2 45
2 46
2 47
2 48
2 49
2 50
2 51
2 52
2 53
2 54
2 55
==========================6===========================
vessel6's yard assignment
0 5 54
0 5 55
0 5 56
0 5 57
0 5 58
0 5 59
0 5 60
0 5 61
1 1 49
1 1 50
1 1 51
vessel6's berth allocation
0 49
0 50
0 51
0 52
0 53
0 54
0 55
0 56
0 57
0 58
0 59
0 60
0 61
0 62
==========================7===========================
vessel7's yard assignment
1 1 66
1 1 67
1 1 68
1 1 69
7 3 58
7 3 59
7 3 60
7 3 61
7 3 62
7 3 63
7 3 64
vessel7's berth allocation
1 58
1 59
1 60
1 61
1 62
1 63
1 64
1 65
1 66
1 67
1 68
1 69
1 70
==========================8===========================
vessel8's yard assignment
5 6 64
5 6 65
5 6 66
5 6 75
5 6 76
8 5 68
8 5 69
8 5 70
8 5 71
vessel8's berth allocation
0 63
0 64
0 65
0 66
0 67
0 68
0 69
0 70
0 71
0 72
0 73
0 74
0 75
0 76
0 77
==========================9===========================
vessel9's yard assignment
1 3 75
1 3 76
1 3 77
1 3 78
1 3 79
1 3 80
1 3 81
3 5 66
3 5 83
3 5 84
3 5 85
3 5 86
7 6 68
7 6 69
7 6 70
7 6 71
7 6 72
7 6 73
vessel9's berth allocation
2 66
2 67
2 68
2 69
2 70
2 71
2 72
2 73
2 74
2 75
2 76
2 77
2 78
2 79
2 80
2 81
2 82
2 83
2 84
2 85
2 86
2 87
==========================10===========================
vessel10's yard assignment
1 1 78
1 1 79
1 1 80
1 1 81
1 1 82
1 1 83
6 2 71
6 2 72
6 2 73
6 2 74
6 2 75
6 2 76
vessel10's berth allocation
1 71
1 72
1 73
1 74
1 75
1 76
1 77
1 78
1 79
1 80
1 81
1 82
1 83
1 84
==========================11===========================
vessel11's yard assignment
2 2 84
2 2 85
2 2 86
2 2 87
2 2 88
2 2 89
2 2 90
7 6 78
7 6 79
7 6 80
7 6 81
7 6 92
vessel11's berth allocation
0 78
0 79
0 80
0 81
0 82
0 83
0 84
0 85
0 86
0 87
0 88
0 89
0 90
0 91
0 92
0 93
==========================12===========================
vessel12's yard assignment
1 1 105
1 1 106
1 1 107
1 1 108
2 2 97
2 2 98
2 2 99
2 2 100
2 2 101
2 2 102
2 2 103
3 5 89
3 5 90
3 5 91
3 5 92
3 5 93
3 5 94
3 5 95
vessel12's berth allocation
2 89
2 90
2 91
2 92
2 93
2 94
2 95
2 96
2 97
2 98
2 99
2 100
2 101
2 102
2 103
2 104
2 105
2 106
2 107
2 108
2 109
==========================13===========================
vessel13's yard assignment
6 0 91
6 0 92
6 0 93
6 0 94
6 0 95
6 0 96
6 0 97
8 1 85
8 1 86
8 1 87
8 1 88
8 1 89
vessel13's berth allocation
1 85
1 86
1 87
1 88
1 89
1 90
1 91
1 92
1 93
1 94
1 95
1 96
1 97
1 98
==========================14===========================
vessel14's yard assignment
0 6 95
0 6 96
0 6 97
0 6 98
5 3 100
5 3 101
5 3 102
5 3 103
5 3 104
vessel14's berth allocation
0 95
0 96
0 97
0 98
0 99
0 100
0 101
0 102
0 103
0 104
0 105
==========================15===========================
vessel15's yard assignment
4 6 117
4 6 118
4 6 119
4 6 120
4 6 121
4 6 122
7 3 108
7 3 109
7 3 110
7 3 111
7 3 112
7 3 113
7 3 114
7 3 115
vessel15's berth allocation
1 108
1 109
1 110
1 111
1 112
1 113
1 114
1 115
1 116
1 117
1 118
1 119
1 120
1 121
1 122
1 123