Opt val 1189600
overall runtime 3858.6032331
root LS time: 2.4099999999999966E-05
root Cplex time 2591.0524999999984
root UB 1192700
root LB 1188511.111111111
IterNum 675
root ColumnNum 313
root Time 2594.6574778
Node Num total 3
==========================1===========================
vessel1's yard assignment
4 6 8
4 6 9
4 6 10
4 6 11
4 6 12
4 6 13
4 6 14
6 0 16
6 0 17
6 0 18
6 0 19
6 0 20
6 0 21
vessel1's berth allocation
1 8
1 9
1 10
1 11
1 12
1 13
1 14
1 15
1 16
1 17
1 18
1 19
1 20
1 21
1 22
==========================2===========================
vessel2's yard assignment
0 6 19
0 6 20
0 6 21
0 6 31
0 6 32
0 6 33
0 6 34
7 3 24
7 3 25
7 3 26
7 3 27
7 3 28
7 3 29
8 5 36
8 5 37
8 5 38
8 5 39
8 5 40
8 5 41
vessel2's berth allocation
0 19
0 20
0 21
0 22
0 23
0 24
0 25
0 26
0 27
0 28
0 29
0 30
0 31
0 32
0 33
0 34
0 35
0 36
0 37
0 38
0 39
0 40
0 41
0 42
==========================3===========================
vessel3's yard assignment
0 1 36
0 1 37
0 1 38
0 1 39
0 1 40
0 1 41
0 1 42
2 2 27
2 2 28
2 2 29
2 2 30
2 2 31
2 2 32
2 2 33
2 2 34
vessel3's berth allocation
2 27
2 28
2 29
2 30
2 31
2 32
2 33
2 34
2 35
2 36
2 37
2 38
2 39
2 40
2 41
2 42
2 43
==========================4===========================
vessel4's yard assignment
1 3 40
1 3 41
1 3 57
1 3 58
1 3 59
5 6 47
5 6 48
5 6 49
5 6 50
5 6 51
5 6 52
5 6 53
8 5 43
8 5 44
8 5 45
vessel4's berth allocation
1 40
1 41
1 42
1 43
1 44
1 45
1 46
1 47
1 48
1 49
1 50
1 51
1 52
1 53
1 54
1 55
1 56
1 57
1 58
1 59
1 60
==========================5===========================
vessel5's yard assignment
0 1 47
0 1 48
0 1 49
0 1 50
0 1 51
0 1 52
7 6 43
7 6 44
7 6 45
vessel5's berth allocation
0 43
0 44
0 45
0 46
0 47
0 48
0 49
0 50
0 51
0 52
0 53
==========================6===========================
vessel6's yard assignment
1 5 49
1 5 59
1 5 60
1 5 61
1 5 62
1 5 63
1 5 64
1 5 65
2 2 51
2 2 52
2 2 53
2 2 54
2 2 55
vessel6's berth allocation
2 49
2 50
2 51
2 52
2 53
2 54
2 55
2 56
2 57
2 58
2 59
2 60
2 61
2 62
2 63
2 64
2 65
2 66
==========================7===========================
vessel7's yard assignment
7 3 61
7 3 62
7 3 63
8 5 54
8 5 55
8 5 56
8 5 57
vessel7's berth allocation
0 54
0 55
0 56
0 57
0 58
0 59
0 60
0 61
0 62
0 63
0 64
==========================8===========================
vessel8's yard assignment
2 2 69
2 2 70
2 2 71
2 2 72
2 2 73
2 2 74
4 0 61
4 0 62
4 0 63
4 0 64
4 0 65
4 0 66
4 0 67
5 6 76
5 6 77
5 6 78
5 6 79
5 6 80
5 6 81
vessel8's berth allocation
1 61
1 62
1 63
1 64
1 65
1 66
1 67
1 68
1 69
1 70
1 71
1 72
1 73
1 74
1 75
1 76
1 77
1 78
1 79
1 80
1 81
1 82
==========================9===========================
vessel9's yard assignment
2 6 71
2 6 72
2 6 73
2 6 74
7 3 76
7 3 77
7 3 78
vessel9's berth allocation
0 71
0 72
0 73
0 74
0 75
0 76
0 77
0 78
0 79
==========================10===========================
vessel10's yard assignment
1 1 80
1 1 81
1 1 82
1 1 83
6 0 74
6 0 75
6 0 76
6 0 77
6 0 78
7 3 85
7 3 86
7 3 87
7 3 88
vessel10's berth allocation
2 72
2 73
2 74
2 75
2 76
2 77
2 78
2 79
2 80
2 81
2 82
2 83
2 84
2 85
2 86
2 87
2 88
2 89
==========================11===========================
vessel11's yard assignment
3 3 80
3 3 81
3 3 82
3 3 83
6 2 93
6 2 94
6 2 95
6 2 96
6 2 97
6 2 98
6 2 99
6 2 100
8 5 85
8 5 86
8 5 87
8 5 88
8 5 89
8 5 90
8 5 91
vessel11's berth allocation
0 80
0 81
0 82
0 83
0 84
0 85
0 86
0 87
0 88
0 89
0 90
0 91
0 92
0 93
0 94
0 95
0 96
0 97
0 98
0 99
0 100
0 101
==========================12===========================
vessel12's yard assignment
0 6 96
0 6 97
0 6 98
0 6 99
1 3 101
1 3 102
1 3 103
1 3 104
1 3 105
1 3 106
1 3 107
4 0 89
4 0 90
4 0 91
4 0 92
4 0 93
4 0 94
vessel12's berth allocation
1 89
1 90
1 91
1 92
1 93
1 94
1 95
1 96
1 97
1 98
1 99
1 100
1 101
1 102
1 103
1 104
1 105
1 106
1 107
1 108
==========================13===========================
vessel13's yard assignment
4 6 113
4 6 114
4 6 115
4 6 116
6 0 99
6 0 100
6 0 101
6 0 102
6 0 103
8 1 105
8 1 106
8 1 107
8 1 108
8 1 109
8 1 110
8 1 111
vessel13's berth allocation
2 99
2 100
2 101
2 102
2 103
2 104
2 105
2 106
2 107
2 108
2 109
2 110
2 111
2 112
2 113
2 114
2 115
2 116
2 117
==========================14===========================
vessel14's yard assignment
3 5 120
3 5 121
3 5 122
3 5 123
4 0 113
4 0 114
4 0 115
4 0 116
4 0 117
4 0 118
vessel14's berth allocation
1 113
1 114
1 115
1 116
1 117
1 118
1 119
1 120
1 121
1 122
1 123
1 124
==========================15===========================
vessel15's yard assignment
3 3 116
3 3 117
3 3 118
5 6 120
5 6 121
5 6 122
5 6 123
5 6 124
vessel15's berth allocation
0 116
0 117
0 118
0 119
0 120
0 121
0 122
0 123
0 124
0 125