Opt val 1022200
overall runtime 164.8744849
root LS time: 7.389892699999999
root Cplex time 155.80236250000002
root UB 1022200
root LB 1022200
IterNum 204
root ColumnNum 122
root Time 163.7707194
Node Num total 1
==========================1===========================
vessel1's yard assignment
0 1 13
0 1 14
0 1 15
0 1 16
0 1 17
6 0 19
6 0 20
6 0 21
6 0 22
7 3 3
7 3 4
7 3 5
7 3 6
7 3 7
7 3 8
7 3 9
7 3 10
7 3 11
vessel1's berth allocation
0 3
0 4
0 5
0 6
0 7
0 8
0 9
0 10
0 11
0 12
0 13
0 14
0 15
0 16
0 17
0 18
0 19
0 20
0 21
0 22
0 23
==========================2===========================
vessel2's yard assignment
1 3 18
1 3 19
1 3 20
1 3 21
1 3 22
8 5 11
8 5 12
8 5 13
8 5 14
8 5 15
8 5 16
8 5 25
8 5 26
8 5 27
vessel2's berth allocation
2 11
2 12
2 13
2 14
2 15
2 16
2 17
2 18
2 19
2 20
2 21
2 22
2 23
2 24
2 25
2 26
2 27
2 28
==========================3===========================
vessel3's yard assignment
2 2 22
2 2 23
2 2 24
2 2 25
2 2 26
2 2 27
6 2 15
6 2 16
6 2 17
6 2 18
6 2 19
8 5 29
8 5 30
8 5 31
8 5 32
8 5 33
8 5 34
8 5 35
8 5 36
vessel3's berth allocation
1 15
1 16
1 17
1 18
1 19
1 20
1 21
1 22
1 23
1 24
1 25
1 26
1 27
1 28
1 29
1 30
1 31
1 32
1 33
1 34
1 35
1 36
1 37
==========================4===========================
vessel4's yard assignment
3 3 36
3 3 37
3 3 38
3 3 39
3 3 40
3 3 41
7 6 27
7 6 28
7 6 29
7 6 30
7 6 31
7 6 32
7 6 33
7 6 34
vessel4's berth allocation
0 27
0 28
0 29
0 30
0 31
0 32
0 33
0 34
0 35
0 36
0 37
0 38
0 39
0 40
0 41
0 42
==========================5===========================
vessel5's yard assignment
4 0 35
4 0 36
4 0 37
4 0 38
4 0 39
4 0 40
4 0 41
6 2 51
6 2 52
6 2 53
6 2 54
6 2 55
6 2 56
7 3 43
7 3 44
7 3 45
7 3 46
7 3 47
7 3 48
7 3 49
vessel5's berth allocation
2 35
2 36
2 37
2 38
2 39
2 40
2 41
2 42
2 43
2 44
2 45
2 46
2 47
2 48
2 49
2 50
2 51
2 52
2 53
2 54
2 55
2 56
2 57
==========================6===========================
vessel6's yard assignment
5 3 51
5 3 52
5 3 53
5 3 54
5 3 55
5 3 56
5 3 57
8 5 43
8 5 44
8 5 45
8 5 46
8 5 47
8 5 48
8 5 49
vessel6's berth allocation
0 43
0 44
0 45
0 46
0 47
0 48
0 49
0 50
0 51
0 52
0 53
0 54
0 55
0 56
0 57
0 58
==========================7===========================
vessel7's yard assignment
0 6 51
0 6 52
0 6 53
0 6 54
3 5 56
3 5 57
3 5 58
3 5 59
6 0 61
6 0 62
6 0 63
6 0 64
6 0 65
6 0 66
6 0 67
6 0 68
vessel7's berth allocation
1 51
1 52
1 53
1 54
1 55
1 56
1 57
1 58
1 59
1 60
1 61
1 62
1 63
1 64
1 65
1 66
1 67
1 68
1 69
==========================8===========================
vessel8's yard assignment
1 5 62
1 5 63
1 5 64
1 5 65
1 5 66
7 6 59
7 6 60
7 6 69
7 6 70
7 6 71
7 6 72
7 6 73
7 6 74
7 6 75
vessel8's berth allocation
0 59
0 60
0 61
0 62
0 63
0 64
0 65
0 66
0 67
0 68
0 69
0 70
0 71
0 72
0 73
0 74
0 75
0 76
==========================9===========================
vessel9's yard assignment
2 4 67
2 4 68
2 4 69
2 4 70
4 0 72
4 0 73
4 0 83
4 0 84
4 0 85
8 1 75
8 1 76
8 1 77
8 1 78
8 1 79
8 1 80
8 1 81
vessel9's berth allocation
2 67
2 68
2 69
2 70
2 71
2 72
2 73
2 74
2 75
2 76
2 77
2 78
2 79
2 80
2 81
2 82
2 83
2 84
2 85
2 86
==========================10===========================
vessel10's yard assignment
0 1 84
0 1 85
0 1 86
0 1 87
0 1 88
0 1 89
3 3 75
3 3 76
3 3 77
3 3 78
3 3 79
3 3 80
3 3 81
3 3 82
vessel10's berth allocation
1 75
1 76
1 77
1 78
1 79
1 80
1 81
1 82
1 83
1 84
1 85
1 86
1 87
1 88
1 89
1 90
==========================11===========================
vessel11's yard assignment
1 5 83
1 5 84
1 5 85
1 5 86
2 6 95
2 6 96
2 6 97
2 6 98
2 6 99
2 6 100
5 5 88
5 5 89
5 5 90
5 5 91
5 5 92
5 5 93
vessel11's berth allocation
0 83
0 84
0 85
0 86
0 87
0 88
0 89
0 90
0 91
0 92
0 93
0 94
0 95
0 96
0 97
0 98
0 99
0 100
0 101
==========================12===========================
vessel12's yard assignment
4 0 94
4 0 95
4 0 96
4 0 97
4 0 98
4 0 99
4 0 100
5 3 102
5 3 103
5 3 104
5 3 105
5 3 106
5 3 107
5 3 108
vessel12's berth allocation
1 94
1 95
1 96
1 97
1 98
1 99
1 100
1 101
1 102
1 103
1 104
1 105
1 106
1 107
1 108
1 109