Opt val 1051000
overall runtime 1212.1537732
root LS time: 32.17011980000001
root Cplex time 1177.5280415000004
root UB 1051000
root LB 1050140
IterNum 576
root ColumnNum 182
root Time 1211.9698016
Node Num total 1
==========================1===========================
vessel1's yard assignment
6 2 12
6 2 13
6 2 14
6 2 15
6 2 16
6 2 17
6 2 18
8 5 4
8 5 5
8 5 6
8 5 7
8 5 8
8 5 9
8 5 10
vessel1's berth allocation
2 4
2 5
2 6
2 7
2 8
2 9
2 10
2 11
2 12
2 13
2 14
2 15
2 16
2 17
2 18
2 19
==========================2===========================
vessel2's yard assignment
0 1 14
0 1 15
0 1 16
0 1 17
0 1 18
0 1 19
0 1 20
1 3 9
1 3 10
1 3 11
1 3 12
6 2 22
6 2 23
6 2 24
6 2 25
vessel2's berth allocation
0 9
0 10
0 11
0 12
0 13
0 14
0 15
0 16
0 17
0 18
0 19
0 20
0 21
0 22
0 23
0 24
0 25
0 26
==========================3===========================
vessel3's yard assignment
5 6 24
5 6 25
5 6 26
5 6 27
5 6 28
5 6 29
5 6 30
8 5 14
8 5 15
8 5 16
8 5 17
8 5 18
8 5 19
vessel3's berth allocation
1 14
1 15
1 16
1 17
1 18
1 19
1 20
1 21
1 22
1 23
1 24
1 25
1 26
1 27
1 28
1 29
1 30
1 31
==========================4===========================
vessel4's yard assignment
3 5 28
3 5 29
3 5 30
3 5 31
3 5 32
3 5 33
4 0 20
4 0 21
4 0 22
4 0 23
4 0 24
4 0 25
4 0 26
vessel4's berth allocation
2 20
2 21
2 22
2 23
2 24
2 25
2 26
2 27
2 28
2 29
2 30
2 31
2 32
2 33
2 34
==========================5===========================
vessel5's yard assignment
0 6 34
0 6 35
0 6 36
0 6 37
2 2 27
2 2 28
2 2 29
2 2 30
2 2 31
2 2 32
3 3 39
3 3 40
3 3 41
3 3 42
3 3 43
vessel5's berth allocation
0 27
0 28
0 29
0 30
0 31
0 32
0 33
0 34
0 35
0 36
0 37
0 38
0 39
0 40
0 41
0 42
0 43
0 44
==========================6===========================
vessel6's yard assignment
4 4 43
4 4 44
4 4 45
4 4 46
5 5 36
5 5 37
5 5 38
5 5 39
5 5 40
5 5 41
7 3 48
7 3 49
7 3 50
7 3 51
vessel6's berth allocation
1 36
1 37
1 38
1 39
1 40
1 41
1 42
1 43
1 44
1 45
1 46
1 47
1 48
1 49
1 50
1 51
1 52
==========================7===========================
vessel7's yard assignment
2 6 49
2 6 50
2 6 51
2 6 52
2 6 53
3 5 44
3 5 45
3 5 46
3 5 47
6 0 39
6 0 40
6 0 41
6 0 42
vessel7's berth allocation
2 39
2 40
2 41
2 42
2 43
2 44
2 45
2 46
2 47
2 48
2 49
2 50
2 51
2 52
2 53
2 54
==========================8===========================
vessel8's yard assignment
2 2 46
2 2 47
2 2 48
2 2 49
2 2 50
2 2 51
2 2 52
2 2 53
8 5 55
8 5 56
8 5 57
8 5 58
8 5 59
8 5 60
8 5 61
vessel8's berth allocation
0 46
0 47
0 48
0 49
0 50
0 51
0 52
0 53
0 54
0 55
0 56
0 57
0 58
0 59
0 60
0 61
0 62
==========================9===========================
vessel9's yard assignment
5 5 64
5 5 65
5 5 66
5 5 67
5 5 68
5 5 69
7 3 53
7 3 54
7 3 55
7 3 56
7 3 71
7 3 72
7 3 73
9 2 58
9 2 59
9 2 60
9 2 61
9 2 62
vessel9's berth allocation
1 53
1 54
1 55
1 56
1 57
1 58
1 59
1 60
1 61
1 62
1 63
1 64
1 65
1 66
1 67
1 68
1 69
1 70
1 71
1 72
1 73
1 74
==========================10===========================
vessel10's yard assignment
2 6 79
2 6 80
2 6 81
2 6 82
2 6 83
2 6 84
4 0 68
4 0 69
4 0 70
4 0 71
4 0 72
7 6 74
7 6 75
7 6 76
7 6 77
vessel10's berth allocation
0 68
0 69
0 70
0 71
0 72
0 73
0 74
0 75
0 76
0 77
0 78
0 79
0 80
0 81
0 82
0 83
0 84
0 85
==========================11===========================
vessel11's yard assignment
0 5 82
0 5 83
0 5 84
0 5 85
4 0 87
4 0 88
4 0 89
4 0 90
9 2 75
9 2 76
9 2 77
9 2 78
9 2 79
9 2 80
vessel11's berth allocation
2 75
2 76
2 77
2 78
2 79
2 80
2 81
2 82
2 83
2 84
2 85
2 86
2 87
2 88
2 89
2 90
2 91
==========================12===========================
vessel12's yard assignment
1 5 89
1 5 90
1 5 91
1 5 92
1 5 93
1 5 94
1 5 95
3 3 97
3 3 98
3 3 99
3 3 100
3 3 101
3 3 102
3 3 103
vessel12's berth allocation
1 89
1 90
1 91
1 92
1 93
1 94
1 95
1 96
1 97
1 98
1 99
1 100
1 101
1 102
1 103
1 104