Opt val 999170
overall runtime 150.5414752
root LS time: 5.4763361
root Cplex time 143.89984639999997
root UB 999170
root LB 998326.6666666667
IterNum 180
root ColumnNum 118
root Time 149.8387055
Node Num total 1
==========================1===========================
vessel1's yard assignment
2 2 24
2 2 25
2 2 26
2 2 27
2 2 28
2 2 29
2 2 30
3 5 32
3 5 33
3 5 34
3 5 35
3 5 36
3 5 37
3 5 38
3 5 39
7 3 16
7 3 17
7 3 18
7 3 19
7 3 20
7 3 21
7 3 22
vessel1's berth allocation
0 16
0 17
0 18
0 19
0 20
0 21
0 22
0 23
0 24
0 25
0 26
0 27
0 28
0 29
0 30
0 31
0 32
0 33
0 34
0 35
0 36
0 37
0 38
0 39
0 40
==========================2===========================
vessel2's yard assignment
0 6 24
0 6 25
0 6 26
0 6 27
0 6 28
1 3 36
1 3 37
1 3 38
1 3 39
7 6 30
7 6 31
7 6 32
7 6 33
7 6 34
vessel2's berth allocation
1 22
1 23
1 24
1 25
1 26
1 27
1 28
1 29
1 30
1 31
1 32
1 33
1 34
1 35
1 36
1 37
1 38
1 39
1 40
==========================3===========================
vessel3's yard assignment
1 1 36
1 1 37
1 1 38
8 1 40
8 1 41
8 1 42
vessel3's berth allocation
2 36
2 37
2 38
2 39
2 40
2 41
2 42
2 43
==========================4===========================
vessel4's yard assignment
6 0 55
6 0 56
6 0 57
6 0 58
6 0 59
6 0 60
6 0 61
6 0 62
6 0 63
7 3 45
7 3 46
7 3 47
7 3 48
7 3 49
7 3 50
7 3 51
7 3 52
7 3 53
vessel4's berth allocation
0 45
0 46
0 47
0 48
0 49
0 50
0 51
0 52
0 53
0 54
0 55
0 56
0 57
0 58
0 59
0 60
0 61
0 62
0 63
0 64
==========================5===========================
vessel5's yard assignment
4 6 50
4 6 51
4 6 52
4 6 53
8 5 55
8 5 56
8 5 57
8 5 58
8 5 59
vessel5's berth allocation
2 50
2 51
2 52
2 53
2 54
2 55
2 56
2 57
2 58
2 59
2 60
==========================6===========================
vessel6's yard assignment
1 1 59
1 1 60
1 1 61
2 4 63
2 4 64
2 4 65
2 4 66
2 4 67
2 4 68
2 4 69
vessel6's berth allocation
1 59
1 60
1 61
1 62
1 63
1 64
1 65
1 66
1 67
1 68
1 69
1 70
==========================7===========================
vessel7's yard assignment
3 5 61
3 5 62
3 5 63
3 5 64
3 5 65
3 5 66
3 5 67
6 0 69
6 0 70
6 0 71
6 0 72
6 0 73
vessel7's berth allocation
2 61
2 62
2 63
2 64
2 65
2 66
2 67
2 68
2 69
2 70
2 71
2 72
2 73
2 74
==========================8===========================
vessel8's yard assignment
5 6 74
5 6 75
5 6 76
5 6 77
5 6 78
5 6 79
5 6 80
5 6 81
7 6 69
7 6 70
7 6 71
7 6 72
vessel8's berth allocation
0 69
0 70
0 71
0 72
0 73
0 74
0 75
0 76
0 77
0 78
0 79
0 80
0 81
0 82
==========================9===========================
vessel9's yard assignment
1 1 84
1 1 85
1 1 86
1 1 87
1 1 88
1 1 89
2 2 81
2 2 82
2 2 92
2 2 93
2 2 94
2 2 95
5 3 73
5 3 74
5 3 75
5 3 76
5 3 77
5 3 78
5 3 79
vessel9's berth allocation
1 73
1 74
1 75
1 76
1 77
1 78
1 79
1 80
1 81
1 82
1 83
1 84
1 85
1 86
1 87
1 88
1 89
1 90
1 91
1 92
1 93
1 94
1 95
1 96
==========================10===========================
vessel10's yard assignment
0 5 84
0 5 85
0 5 86
0 5 87
0 5 88
0 5 89
0 5 90
0 5 91
4 0 93
4 0 94
4 0 95
4 0 96
7 6 98
7 6 99
7 6 100
7 6 101
7 6 102
7 6 103
vessel10's berth allocation
2 84
2 85
2 86
2 87
2 88
2 89
2 90
2 91
2 92
2 93
2 94
2 95
2 96
2 97
2 98
2 99
2 100
2 101
2 102
2 103
2 104
==========================11===========================
vessel11's yard assignment
3 5 93
3 5 94
3 5 95
3 5 96
6 0 87
6 0 88
6 0 89
6 0 90
vessel11's berth allocation
0 87
0 88
0 89
0 90
0 91
0 92
0 93
0 94
0 95
0 96
0 97
==========================12===========================
vessel12's yard assignment
1 3 107
1 3 108
1 3 109
6 2 100
6 2 101
6 2 102
6 2 103
6 2 104
6 2 105
vessel12's berth allocation
1 100
1 101
1 102
1 103
1 104
1 105
1 106
1 107
1 108
1 109
1 110