Feas val 1114189.9999999998
overall runtime 7200
root LS time: 29.93325110000004
root Cplex time 1847.8361085000004
root UB 1115090
root LB 1111690
IterNum 708
root ColumnNum 315
root Time 1882.0783997
Node Num total 12
==========================1===========================
vessel1's yard assignment
0 6 10
0 6 11
0 6 12
0 6 13
0 6 14
4 0 3
4 0 4
4 0 5
4 0 6
4 0 7
4 0 8
6 2 16
6 2 17
6 2 18
6 2 19
vessel1's berth allocation
0 3
0 4
0 5
0 6
0 7
0 8
0 9
0 10
0 11
0 12
0 13
0 14
0 15
0 16
0 17
0 18
0 19
0 20
==========================2===========================
vessel2's yard assignment
1 3 17
1 3 18
1 3 19
1 3 20
1 3 21
1 3 22
8 5 13
8 5 14
8 5 15
8 5 25
vessel2's berth allocation
1 13
1 14
1 15
1 16
1 17
1 18
1 19
1 20
1 21
1 22
1 23
1 24
1 25
1 26
==========================3===========================
vessel3's yard assignment
4 0 22
4 0 23
4 0 24
4 0 25
4 0 26
5 5 28
5 5 29
5 5 30
5 5 31
vessel3's berth allocation
2 22
2 23
2 24
2 25
2 26
2 27
2 28
2 29
2 30
2 31
2 32
==========================4===========================
vessel4's yard assignment
2 4 32
2 4 33
2 4 34
2 4 35
2 4 36
2 4 37
2 4 38
7 3 40
7 3 41
7 3 42
7 3 43
7 3 44
7 3 45
vessel4's berth allocation
1 32
1 33
1 34
1 35
1 36
1 37
1 38
1 39
1 40
1 41
1 42
1 43
1 44
1 45
1 46
==========================5===========================
vessel5's yard assignment
0 6 47
0 6 48
0 6 49
0 6 69
0 6 70
0 6 71
0 6 72
0 6 73
5 6 51
5 6 52
5 6 53
5 6 54
5 6 55
5 6 56
5 6 57
8 1 59
8 1 60
8 1 61
8 1 62
8 1 63
8 1 64
vessel5's berth allocation
2 47
2 48
2 49
2 50
2 51
2 52
2 53
2 54
2 55
2 56
2 57
2 58
2 59
2 60
2 61
2 62
2 63
2 64
2 65
2 66
2 67
2 68
2 69
2 70
2 71
2 72
2 73
2 74
==========================6===========================
vessel6's yard assignment
0 5 58
0 5 59
0 5 60
0 5 61
0 5 62
0 5 63
0 5 64
3 3 52
3 3 53
3 3 54
3 3 55
3 3 56
vessel6's berth allocation
0 52
0 53
0 54
0 55
0 56
0 57
0 58
0 59
0 60
0 61
0 62
0 63
0 64
0 65
==========================7===========================
vessel7's yard assignment
1 3 76
1 3 77
1 3 78
1 3 79
1 3 80
1 3 81
5 3 69
5 3 70
5 3 71
5 3 72
5 3 73
5 3 74
vessel7's berth allocation
1 69
1 70
1 71
1 72
1 73
1 74
1 75
1 76
1 77
1 78
1 79
1 80
1 81
1 82
==========================8===========================
vessel8's yard assignment
3 5 66
3 5 67
3 5 68
3 5 69
3 5 70
3 5 71
7 6 82
7 6 83
7 6 84
7 6 85
7 6 86
8 1 75
8 1 76
8 1 77
8 1 78
8 1 79
8 1 80
vessel8's berth allocation
0 66
0 67
0 68
0 69
0 70
0 71
0 72
0 73
0 74
0 75
0 76
0 77
0 78
0 79
0 80
0 81
0 82
0 83
0 84
0 85
0 86
0 87
==========================9===========================
vessel9's yard assignment
4 4 79
4 4 80
4 4 81
4 4 82
4 4 83
4 4 84
4 4 85
6 0 87
6 0 88
6 0 89
6 0 90
6 0 91
6 0 92
6 0 93
6 0 94
vessel9's berth allocation
2 79
2 80
2 81
2 82
2 83
2 84
2 85
2 86
2 87
2 88
2 89
2 90
2 91
2 92
2 93
2 94
2 95
==========================10===========================
vessel10's yard assignment
0 1 100
0 1 101
0 1 102
0 1 103
0 1 104
0 1 105
0 1 106
0 1 107
7 3 94
7 3 95
7 3 96
7 3 97
7 3 98
8 1 83
8 1 84
8 1 85
8 1 86
8 1 87
8 1 88
8 1 89
vessel10's berth allocation
1 83
1 84
1 85
1 86
1 87
1 88
1 89
1 90
1 91
1 92
1 93
1 94
1 95
1 96
1 97
1 98
1 99
1 100
1 101
1 102
1 103
1 104
1 105
1 106
1 107
1 108
==========================11===========================
vessel11's yard assignment
2 2 98
2 2 99
2 2 100
2 2 101
2 2 102
2 2 103
2 2 104
2 2 105
2 2 106
5 5 88
5 5 89
5 5 90
5 5 91
5 5 92
5 5 93
5 5 94
5 5 95
5 5 96
vessel11's berth allocation
0 88
0 89
0 90
0 91
0 92
0 93
0 94
0 95
0 96
0 97
0 98
0 99
0 100
0 101
0 102
0 103
0 104
0 105
0 106
0 107
==========================12===========================
vessel12's yard assignment
0 6 102
0 6 103
0 6 104
0 6 105
0 6 106
5 3 108
5 3 109
5 3 110
5 3 111
5 3 112
5 3 113
6 0 96
6 0 97
6 0 98
6 0 99
6 0 100
vessel12's berth allocation
2 96
2 97
2 98
2 99
2 100
2 101
2 102
2 103
2 104
2 105
2 106
2 107
2 108
2 109
2 110
2 111
2 112
2 113
2 114