Opt val 975300
overall runtime 255.8460488
root LS time: 6.3097734
root Cplex time 151.86725650000002
root UB 975300
root LB 969633.3333333334
IterNum 204
root ColumnNum 105
root Time 158.6812832
Node Num total 2
==========================1===========================
vessel1's yard assignment
4 0 4
4 0 5
4 0 6
4 0 7
4 0 8
4 0 9
5 5 11
5 5 12
5 5 13
5 5 14
5 5 15
vessel1's berth allocation
0 4
0 5
0 6
0 7
0 8
0 9
0 10
0 11
0 12
0 13
0 14
0 15
0 16
==========================2===========================
vessel2's yard assignment
1 5 25
1 5 26
1 5 27
1 5 28
7 3 15
7 3 16
7 3 17
7 3 18
7 3 19
7 3 20
7 3 21
vessel2's berth allocation
1 15
1 16
1 17
1 18
1 19
1 20
1 21
1 22
1 23
1 24
1 25
1 26
1 27
1 28
1 29
==========================3===========================
vessel3's yard assignment
6 0 21
6 0 22
6 0 23
8 5 30
8 5 31
8 5 32
vessel3's berth allocation
2 21
2 22
2 23
2 24
2 25
2 26
2 27
2 28
2 29
2 30
2 31
2 32
2 33
==========================4===========================
vessel4's yard assignment
2 4 39
2 4 40
2 4 41
2 4 42
2 4 43
7 6 30
7 6 31
7 6 32
7 6 33
7 6 34
7 6 35
7 6 36
7 6 37
8 1 45
8 1 46
8 1 47
8 1 48
8 1 49
vessel4's berth allocation
1 30
1 31
1 32
1 33
1 34
1 35
1 36
1 37
1 38
1 39
1 40
1 41
1 42
1 43
1 44
1 45
1 46
1 47
1 48
1 49
1 50
==========================5===========================
vessel5's yard assignment
2 2 49
2 2 50
2 2 51
2 2 52
3 5 43
3 5 44
3 5 45
3 5 46
3 5 47
7 3 35
7 3 36
7 3 37
7 3 38
7 3 39
7 3 40
7 3 41
vessel5's berth allocation
2 35
2 36
2 37
2 38
2 39
2 40
2 41
2 42
2 43
2 44
2 45
2 46
2 47
2 48
2 49
2 50
2 51
2 52
2 53
==========================6===========================
vessel6's yard assignment
2 6 49
2 6 50
2 6 51
2 6 52
2 6 53
3 3 43
3 3 44
3 3 45
3 3 46
3 3 47
5 5 36
5 5 37
5 5 38
5 5 39
5 5 40
5 5 41
vessel6's berth allocation
0 36
0 37
0 38
0 39
0 40
0 41
0 42
0 43
0 44
0 45
0 46
0 47
0 48
0 49
0 50
0 51
0 52
0 53
0 54
==========================7===========================
vessel7's yard assignment
4 0 56
4 0 57
4 0 58
4 0 59
4 0 60
6 0 62
6 0 63
6 0 64
6 0 65
6 0 66
6 0 67
6 0 68
6 0 69
7 3 52
7 3 53
7 3 54
vessel7's berth allocation
1 52
1 53
1 54
1 55
1 56
1 57
1 58
1 59
1 60
1 61
1 62
1 63
1 64
1 65
1 66
1 67
1 68
1 69
1 70
==========================8===========================
vessel8's yard assignment
1 3 69
1 3 70
1 3 71
1 3 72
1 3 73
1 3 74
8 1 59
8 1 60
8 1 61
8 1 62
8 1 63
8 1 64
vessel8's berth allocation
2 59
2 60
2 61
2 62
2 63
2 64
2 65
2 66
2 67
2 68
2 69
2 70
2 71
2 72
2 73
2 74
2 75
==========================9===========================
vessel9's yard assignment
0 5 60
0 5 61
0 5 62
0 5 63
3 5 65
3 5 66
3 5 67
3 5 68
3 5 69
vessel9's berth allocation
0 60
0 61
0 62
0 63
0 64
0 65
0 66
0 67
0 68
0 69
0 70
==========================10===========================
vessel10's yard assignment
0 1 81
0 1 82
0 1 83
0 1 84
0 1 85
0 1 86
0 1 87
0 1 88
7 6 74
7 6 75
7 6 76
7 6 77
7 6 78
7 6 79
8 5 90
8 5 91
8 5 92
8 5 93
8 5 94
vessel10's berth allocation
0 74
0 75
0 76
0 77
0 78
0 79
0 80
0 81
0 82
0 83
0 84
0 85
0 86
0 87
0 88
0 89
0 90
0 91
0 92
0 93
0 94
0 95
==========================11===========================
vessel11's yard assignment
5 3 77
5 3 78
5 3 79
5 3 80
5 3 81
5 3 82
6 0 84
6 0 85
6 0 86
vessel11's berth allocation
1 77
1 78
1 79
1 80
1 81
1 82
1 83
1 84
1 85
1 86
1 87
==========================12===========================
vessel12's yard assignment
1 5 86
1 5 87
1 5 88
7 3 94
7 3 95
7 3 96
7 3 97
7 3 98
vessel12's berth allocation
2 86
2 87
2 88
2 89
2 90
2 91
2 92
2 93
2 94
2 95
2 96
2 97
2 98
2 99