Opt val 1025300
overall runtime 208.074615
root LS time: 13.562854200000002
root Cplex time 191.61495480000008
root UB 1025300
root LB 1025300
IterNum 180
root ColumnNum 95
root Time 205.6627621
Node Num total 1
==========================1===========================
vessel1's yard assignment
6 0 4
6 0 5
6 0 6
6 0 7
6 0 8
6 0 9
6 0 10
8 1 12
8 1 13
8 1 14
8 1 15
8 1 16
8 1 17
8 1 18
vessel1's berth allocation
1 4
1 5
1 6
1 7
1 8
1 9
1 10
1 11
1 12
1 13
1 14
1 15
1 16
1 17
1 18
1 19
==========================2===========================
vessel2's yard assignment
0 6 14
0 6 15
0 6 16
0 6 17
0 6 18
0 6 19
0 6 20
1 5 9
1 5 10
1 5 11
1 5 12
6 2 22
6 2 23
6 2 24
6 2 25
vessel2's berth allocation
3 9
3 10
3 11
3 12
3 13
3 14
3 15
3 16
3 17
3 18
3 19
3 20
3 21
3 22
3 23
3 24
3 25
3 26
==========================3===========================
vessel3's yard assignment
5 3 24
5 3 25
5 3 26
5 3 27
5 3 28
5 3 29
5 3 30
8 5 14
8 5 15
8 5 16
8 5 17
8 5 18
8 5 19
vessel3's berth allocation
2 14
2 15
2 16
2 17
2 18
2 19
2 20
2 21
2 22
2 23
2 24
2 25
2 26
2 27
2 28
2 29
2 30
2 31
==========================4===========================
vessel4's yard assignment
3 5 26
3 5 27
3 5 28
3 5 29
3 5 30
3 5 31
4 0 18
4 0 19
4 0 20
4 0 21
4 0 22
4 0 23
4 0 24
vessel4's berth allocation
0 18
0 19
0 20
0 21
0 22
0 23
0 24
0 25
0 26
0 27
0 28
0 29
0 30
0 31
0 32
==========================5===========================
vessel5's yard assignment
0 6 31
0 6 32
0 6 33
0 6 34
2 4 24
2 4 25
2 4 26
2 4 27
2 4 28
2 4 29
3 3 36
3 3 37
3 3 38
3 3 39
3 3 40
vessel5's berth allocation
1 24
1 25
1 26
1 27
1 28
1 29
1 30
1 31
1 32
1 33
1 34
1 35
1 36
1 37
1 38
1 39
1 40
1 41
==========================6===========================
vessel6's yard assignment
4 0 43
4 0 44
4 0 45
4 0 46
5 5 36
5 5 37
5 5 38
5 5 39
5 5 40
5 5 41
7 6 48
7 6 49
7 6 50
7 6 51
vessel6's berth allocation
0 36
0 37
0 38
0 39
0 40
0 41
0 42
0 43
0 44
0 45
0 46
0 47
0 48
0 49
0 50
0 51
0 52
==========================7===========================
vessel7's yard assignment
2 6 40
2 6 41
2 6 42
2 6 43
2 6 44
3 5 46
3 5 47
3 5 48
3 5 49
6 2 51
6 2 52
6 2 53
6 2 54
vessel7's berth allocation
2 40
2 41
2 42
2 43
2 44
2 45
2 46
2 47
2 48
2 49
2 50
2 51
2 52
2 53
2 54
2 55
==========================8===========================
vessel8's yard assignment
2 4 54
2 4 55
2 4 56
2 4 57
2 4 58
2 4 59
2 4 60
2 4 61
8 1 46
8 1 47
8 1 48
8 1 49
8 1 50
8 1 51
8 1 52
vessel8's berth allocation
3 46
3 47
3 48
3 49
3 50
3 51
3 52
3 53
3 54
3 55
3 56
3 57
3 58
3 59
3 60
3 61
3 62
==========================9===========================
vessel9's yard assignment
5 5 54
5 5 55
5 5 56
5 5 57
5 5 58
5 5 59
7 3 61
7 3 62
7 3 63
7 3 64
7 3 65
7 3 66
7 3 67
9 2 69
9 2 70
9 2 71
9 2 72
9 2 73
vessel9's berth allocation
1 54
1 55
1 56
1 57
1 58
1 59
1 60
1 61
1 62
1 63
1 64
1 65
1 66
1 67
1 68
1 69
1 70
1 71
1 72
1 73
1 74
==========================10===========================
vessel10's yard assignment
2 6 68
2 6 69
2 6 70
2 6 71
2 6 72
2 6 73
4 0 75
4 0 76
4 0 77
4 0 78
4 0 79
7 3 81
7 3 82
7 3 83
7 3 84
vessel10's berth allocation
0 68
0 69
0 70
0 71
0 72
0 73
0 74
0 75
0 76
0 77
0 78
0 79
0 80
0 81
0 82
0 83
0 84
0 85
==========================11===========================
vessel11's yard assignment
0 5 82
0 5 83
0 5 84
0 5 85
4 0 87
4 0 88
4 0 89
4 0 90
9 6 75
9 6 76
9 6 77
9 6 78
9 6 79
9 6 80
vessel11's berth allocation
2 75
2 76
2 77
2 78
2 79
2 80
2 81
2 82
2 83
2 84
2 85
2 86
2 87
2 88
2 89
2 90
2 91
==========================12===========================
vessel12's yard assignment
1 5 89
1 5 90
1 5 91
1 5 92
1 5 93
1 5 94
1 5 95
3 3 97
3 3 98
3 3 99
3 3 100
3 3 101
3 3 102
3 3 103
vessel12's berth allocation
0 89
0 90
0 91
0 92
0 93
0 94
0 95
0 96
0 97
0 98
0 99
0 100
0 101
0 102
0 103
0 104