Opt val 989870
overall runtime 147.8901464
root LS time: 3.1134903
root Cplex time 34.365784299999994
root UB 996870
root LB 988210
IterNum 132
root ColumnNum 93
root Time 37.6946266
Node Num total 3
==========================1===========================
vessel1's yard assignment
2 2 16
2 2 17
2 2 18
2 2 19
2 2 20
2 2 21
2 2 22
3 5 25
3 5 26
3 5 27
3 5 28
3 5 29
3 5 30
3 5 31
3 5 32
7 3 34
7 3 35
7 3 36
7 3 37
7 3 38
7 3 39
7 3 40
vessel1's berth allocation
2 16
2 17
2 18
2 19
2 20
2 21
2 22
2 23
2 24
2 25
2 26
2 27
2 28
2 29
2 30
2 31
2 32
2 33
2 34
2 35
2 36
2 37
2 38
2 39
2 40
2 41
==========================2===========================
vessel2's yard assignment
0 6 30
0 6 31
0 6 32
0 6 33
0 6 34
1 1 36
1 1 37
1 1 38
1 1 39
7 3 24
7 3 25
7 3 26
7 3 27
7 3 28
vessel2's berth allocation
0 24
0 25
0 26
0 27
0 28
0 29
0 30
0 31
0 32
0 33
0 34
0 35
0 36
0 37
0 38
0 39
0 40
==========================3===========================
vessel3's yard assignment
1 5 36
1 5 37
1 5 38
8 5 40
8 5 41
8 5 42
vessel3's berth allocation
1 36
1 37
1 38
1 39
1 40
1 41
1 42
1 43
==========================4===========================
vessel4's yard assignment
6 0 55
6 0 56
6 0 57
6 0 58
6 0 59
6 0 60
6 0 61
6 0 62
6 0 63
7 6 45
7 6 46
7 6 47
7 6 48
7 6 49
7 6 50
7 6 51
7 6 52
7 6 53
vessel4's berth allocation
2 45
2 46
2 47
2 48
2 49
2 50
2 51
2 52
2 53
2 54
2 55
2 56
2 57
2 58
2 59
2 60
2 61
2 62
2 63
2 64
==========================5===========================
vessel5's yard assignment
4 4 52
4 4 53
4 4 54
4 4 55
8 5 57
8 5 58
8 5 59
8 5 60
8 5 61
vessel5's berth allocation
1 52
1 53
1 54
1 55
1 56
1 57
1 58
1 59
1 60
1 61
1 62
==========================6===========================
vessel6's yard assignment
1 5 67
1 5 68
1 5 69
2 4 59
2 4 60
2 4 61
2 4 62
2 4 63
2 4 64
2 4 65
vessel6's berth allocation
0 59
0 60
0 61
0 62
0 63
0 64
0 65
0 66
0 67
0 68
0 69
0 70
==========================7===========================
vessel7's yard assignment
3 3 60
3 3 61
3 3 62
3 3 63
3 3 64
3 3 65
3 3 66
6 2 68
6 2 69
6 2 70
6 2 71
6 2 72
vessel7's berth allocation
3 60
3 61
3 62
3 63
3 64
3 65
3 66
3 67
3 68
3 69
3 70
3 71
3 72
3 73
==========================8===========================
vessel8's yard assignment
5 6 72
5 6 73
5 6 74
5 6 75
5 6 76
5 6 77
5 6 78
5 6 79
7 6 67
7 6 68
7 6 69
7 6 70
vessel8's berth allocation
1 67
1 68
1 69
1 70
1 71
1 72
1 73
1 74
1 75
1 76
1 77
1 78
1 79
1 80
==========================9===========================
vessel9's yard assignment
1 5 83
1 5 84
1 5 85
1 5 86
1 5 87
1 5 88
2 2 90
2 2 91
2 2 92
2 2 93
2 2 94
2 2 95
5 3 75
5 3 76
5 3 77
5 3 78
5 3 79
5 3 80
5 3 81
vessel9's berth allocation
0 75
0 76
0 77
0 78
0 79
0 80
0 81
0 82
0 83
0 84
0 85
0 86
0 87
0 88
0 89
0 90
0 91
0 92
0 93
0 94
0 95
0 96
==========================10===========================
vessel10's yard assignment
0 1 84
0 1 85
0 1 86
0 1 87
0 1 88
0 1 89
0 1 90
0 1 91
4 0 93
4 0 94
4 0 95
4 0 96
7 3 98
7 3 99
7 3 100
7 3 101
7 3 102
7 3 103
vessel10's berth allocation
2 84
2 85
2 86
2 87
2 88
2 89
2 90
2 91
2 92
2 93
2 94
2 95
2 96
2 97
2 98
2 99
2 100
2 101
2 102
2 103
2 104
==========================11===========================
vessel11's yard assignment
3 5 92
3 5 93
3 5 94
3 5 95
6 0 87
6 0 88
6 0 89
6 0 90
vessel11's berth allocation
1 87
1 88
1 89
1 90
1 91
1 92
1 93
1 94
1 95
1 96
==========================12===========================
vessel12's yard assignment
1 3 107
1 3 108
1 3 109
6 0 100
6 0 101
6 0 102
6 0 103
6 0 104
6 0 105
vessel12's berth allocation
0 100
0 101
0 102
0 103
0 104
0 105
0 106
0 107
0 108
0 109
0 110