Opt val 846200
overall runtime 568.1297878
root LS time: 19.27903910000002
root Cplex time 546.2568194999999
root UB 846200
root LB 846200
IterNum 336
root ColumnNum 204
root Time 567.1128438
Node Num total 1
==========================1===========================
vessel1's yard assignment
2 6 10
2 6 11
2 6 12
2 6 13
2 6 14
4 0 6
4 0 7
4 0 8
vessel1's berth allocation
0 6
0 7
0 8
0 9
0 10
0 11
0 12
0 13
0 14
0 15
==========================2===========================
vessel2's yard assignment
1 5 12
1 5 13
1 5 14
1 5 15
1 5 16
1 5 17
2 2 19
2 2 20
2 2 21
vessel2's berth allocation
1 12
1 13
1 14
1 15
1 16
1 17
1 18
1 19
1 20
1 21
1 22
==========================3===========================
vessel3's yard assignment
0 6 17
0 6 18
0 6 19
0 6 20
0 6 21
5 5 30
5 5 31
5 5 32
5 5 33
5 5 34
5 5 35
5 5 36
5 5 37
8 5 25
8 5 26
8 5 27
8 5 28
vessel3's berth allocation
0 17
0 18
0 19
0 20
0 21
0 22
0 23
0 24
0 25
0 26
0 27
0 28
0 29
0 30
0 31
0 32
0 33
0 34
0 35
0 36
0 37
0 38
==========================4===========================
vessel4's yard assignment
2 6 31
2 6 32
2 6 33
3 7 25
3 7 26
3 7 27
3 7 28
3 7 29
4 0 20
4 0 21
4 0 22
4 0 23
vessel4's berth allocation
2 20
2 21
2 22
2 23
2 24
2 25
2 26
2 27
2 28
2 29
2 30
2 31
2 32
2 33
2 34
==========================5===========================
vessel5's yard assignment
1 3 24
1 3 25
1 3 26
5 3 28
5 3 29
5 3 30
vessel5's berth allocation
1 24
1 25
1 26
1 27
1 28
1 29
1 30
1 31
==========================6===========================
vessel6's yard assignment
0 5 41
0 5 42
0 5 43
3 5 45
3 5 46
3 5 47
3 5 48
3 5 49
7 8 32
7 8 33
7 8 34
7 8 35
7 8 36
7 8 37
7 8 38
7 8 39
vessel6's berth allocation
1 32
1 33
1 34
1 35
1 36
1 37
1 38
1 39
1 40
1 41
1 42
1 43
1 44
1 45
1 46
1 47
1 48
1 49
1 50
==========================7===========================
vessel7's yard assignment
3 3 42
3 3 43
3 3 44
3 3 45
3 3 46
3 3 47
5 3 38
5 3 39
5 3 40
vessel7's berth allocation
2 38
2 39
2 40
2 41
2 42
2 43
2 44
2 45
2 46
2 47
2 48
==========================8===========================
vessel8's yard assignment
6 0 43
6 0 44
6 0 45
6 0 46
6 0 47
6 0 48
6 0 49
6 0 61
6 0 62
8 8 51
8 8 52
8 8 53
8 8 54
8 8 55
8 8 56
8 8 57
8 8 58
8 8 59
vessel8's berth allocation
0 43
0 44
0 45
0 46
0 47
0 48
0 49
0 50
0 51
0 52
0 53
0 54
0 55
0 56
0 57
0 58
0 59
0 60
0 61
0 62
0 63
==========================9===========================
vessel9's yard assignment
0 5 55
0 5 56
0 5 57
0 5 58
0 5 59
0 5 60
4 6 50
4 6 51
4 6 52
4 6 53
vessel9's berth allocation
2 50
2 51
2 52
2 53
2 54
2 55
2 56
2 57
2 58
2 59
2 60
2 61
==========================10===========================
vessel10's yard assignment
0 5 62
0 5 63
0 5 64
2 2 52
2 2 53
2 2 54
6 0 56
6 0 57
6 0 58
6 0 59
vessel10's berth allocation
1 52
1 53
1 54
1 55
1 56
1 57
1 58
1 59
1 60
1 61
1 62
1 63
1 64
1 65
==========================11===========================
vessel11's yard assignment
1 3 62
1 3 63
1 3 64
1 3 65
7 6 67
7 6 68
7 6 69
7 6 70
7 6 71
7 6 72
7 6 73
vessel11's berth allocation
2 62
2 63
2 64
2 65
2 66
2 67
2 68
2 69
2 70
2 71
2 72
2 73
2 74
==========================12===========================
vessel12's yard assignment
2 2 70
2 2 71
2 2 72
2 2 73
4 0 66
4 0 67
4 0 68
4 0 75
4 0 76
vessel12's berth allocation
0 66
0 67
0 68
0 69
0 70
0 71
0 72
0 73
0 74
0 75
0 76
0 77