Opt val 1012900.0000000001
overall runtime 4097.3345635
root LS time: 49.43889489999998
root Cplex time 4039.977063900001
root UB 1012900
root LB 1012900.0000000001
IterNum 624
root ColumnNum 290
root Time 4096.1033239
Node Num total 1
==========================1===========================
vessel1's yard assignment
3 5 8
3 5 9
3 5 10
3 5 11
3 5 12
8 5 14
8 5 15
8 5 16
8 5 17
8 5 18
8 5 19
vessel1's berth allocation
0 8
0 9
0 10
0 11
0 12
0 13
0 14
0 15
0 16
0 17
0 18
0 19
0 20
==========================2===========================
vessel2's yard assignment
2 2 21
2 2 22
2 2 23
5 6 17
5 6 18
5 6 19
vessel2's berth allocation
1 17
1 18
1 19
1 20
1 21
1 22
1 23
1 24
==========================3===========================
vessel3's yard assignment
1 3 27
1 3 28
1 3 29
1 3 30
6 0 22
6 0 23
6 0 24
6 0 25
vessel3's berth allocation
2 22
2 23
2 24
2 25
2 26
2 27
2 28
2 29
2 30
2 31
==========================4===========================
vessel4's yard assignment
4 0 30
4 0 31
4 0 32
4 0 33
4 0 34
4 0 35
6 7 24
6 7 25
6 7 26
6 7 27
6 7 28
7 3 37
7 3 38
7 3 39
7 3 40
7 3 41
vessel4's berth allocation
0 24
0 25
0 26
0 27
0 28
0 29
0 30
0 31
0 32
0 33
0 34
0 35
0 36
0 37
0 38
0 39
0 40
0 41
0 42
==========================5===========================
vessel5's yard assignment
1 5 29
1 5 30
1 5 31
1 5 32
1 5 33
2 2 43
2 2 44
2 2 45
2 2 46
2 2 47
2 2 48
5 5 35
5 5 36
5 5 37
5 5 38
5 5 39
5 5 40
5 5 41
vessel5's berth allocation
1 29
1 30
1 31
1 32
1 33
1 34
1 35
1 36
1 37
1 38
1 39
1 40
1 41
1 42
1 43
1 44
1 45
1 46
1 47
1 48
1 49
==========================6===========================
vessel6's yard assignment
0 1 32
0 1 33
0 1 34
0 1 35
0 1 36
0 1 37
4 6 40
4 6 41
4 6 42
4 6 43
4 6 44
4 6 45
4 6 46
4 6 47
vessel6's berth allocation
2 32
2 33
2 34
2 35
2 36
2 37
2 38
2 39
2 40
2 41
2 42
2 43
2 44
2 45
2 46
2 47
2 48
==========================7===========================
vessel7's yard assignment
0 5 43
0 5 44
0 5 45
0 5 46
0 5 47
0 5 48
0 5 49
7 8 51
7 8 52
7 8 53
7 8 54
7 8 55
7 8 56
7 8 57
7 8 58
7 8 59
vessel7's berth allocation
0 43
0 44
0 45
0 46
0 47
0 48
0 49
0 50
0 51
0 52
0 53
0 54
0 55
0 56
0 57
0 58
0 59
0 60
==========================8===========================
vessel8's yard assignment
2 6 49
2 6 50
2 6 51
3 7 53
3 7 54
3 7 55
3 7 56
3 7 57
4 0 59
4 0 60
4 0 61
4 0 62
4 0 63
4 0 64
4 0 65
vessel8's berth allocation
2 49
2 50
2 51
2 52
2 53
2 54
2 55
2 56
2 57
2 58
2 59
2 60
2 61
2 62
2 63
2 64
2 65
2 66
==========================9===========================
vessel9's yard assignment
0 5 58
0 5 59
0 5 60
0 5 61
0 5 62
0 5 63
6 2 50
6 2 51
6 2 52
6 2 53
6 2 54
6 2 55
6 2 56
vessel9's berth allocation
1 50
1 51
1 52
1 53
1 54
1 55
1 56
1 57
1 58
1 59
1 60
1 61
1 62
1 63
1 64
==========================10===========================
vessel10's yard assignment
0 6 73
0 6 74
0 6 75
0 6 76
0 6 77
0 6 78
0 6 79
3 7 68
3 7 69
3 7 70
3 7 71
7 3 61
7 3 62
7 3 63
7 3 64
7 3 65
7 3 66
vessel10's berth allocation
0 61
0 62
0 63
0 64
0 65
0 66
0 67
0 68
0 69
0 70
0 71
0 72
0 73
0 74
0 75
0 76
0 77
0 78
0 79
0 80
==========================11===========================
vessel11's yard assignment
4 6 65
4 6 66
4 6 67
4 6 68
4 6 69
4 6 70
8 8 72
8 8 73
8 8 74
8 8 75
8 8 76
vessel11's berth allocation
1 65
1 66
1 67
1 68
1 69
1 70
1 71
1 72
1 73
1 74
1 75
1 76
1 77
==========================12===========================
vessel12's yard assignment
1 5 82
1 5 83
1 5 84
1 5 85
4 0 74
4 0 75
4 0 76
4 0 77
4 0 78
4 0 79
4 0 80
8 5 71
8 5 87
8 5 88
8 5 89
8 5 90
8 5 91
8 5 92
8 5 93
vessel12's berth allocation
2 71
2 72
2 73
2 74
2 75
2 76
2 77
2 78
2 79
2 80
2 81
2 82
2 83
2 84
2 85
2 86
2 87
2 88
2 89
2 90
2 91
2 92
2 93
2 94