Opt val 1014950
overall runtime 1713.6069237
root LS time: 38.22326259999997
root Cplex time 1672.7899204999997
root UB 1014950
root LB 1014950
IterNum 456
root ColumnNum 197
root Time 1713.4230603
Node Num total 1
==========================1===========================
vessel1's yard assignment
2 6 6
2 6 7
2 6 8
2 6 9
2 6 10
4 0 17
4 0 18
4 0 19
4 0 20
4 0 21
4 0 22
4 0 23
7 3 12
7 3 13
7 3 14
7 3 15
vessel1's berth allocation
2 6
2 7
2 8
2 9
2 10
2 11
2 12
2 13
2 14
2 15
2 16
2 17
2 18
2 19
2 20
2 21
2 22
2 23
2 24
==========================2===========================
vessel2's yard assignment
5 6 14
5 6 15
5 6 16
5 6 17
5 6 18
5 6 19
5 6 20
5 6 21
6 7 9
6 7 10
6 7 11
6 7 12
6 7 23
6 7 24
6 7 25
vessel2's berth allocation
1 9
1 10
1 11
1 12
1 13
1 14
1 15
1 16
1 17
1 18
1 19
1 20
1 21
1 22
1 23
1 24
1 25
1 26
==========================3===========================
vessel3's yard assignment
2 2 20
2 2 21
2 2 22
2 2 23
5 5 14
5 5 15
5 5 16
5 5 17
5 5 18
vessel3's berth allocation
0 14
0 15
0 16
0 17
0 18
0 19
0 20
0 21
0 22
0 23
0 24
==========================4===========================
vessel4's yard assignment
3 5 37
3 5 38
3 5 39
3 5 40
3 5 41
6 0 30
6 0 31
6 0 32
6 0 33
6 0 34
6 0 35
7 3 25
7 3 26
7 3 27
7 3 28
vessel4's berth allocation
0 25
0 26
0 27
0 28
0 29
0 30
0 31
0 32
0 33
0 34
0 35
0 36
0 37
0 38
0 39
0 40
0 41
0 42
==========================5===========================
vessel5's yard assignment
0 6 28
0 6 29
0 6 30
0 6 31
4 6 41
4 6 42
4 6 43
4 6 44
4 6 45
4 6 46
8 8 33
8 8 34
8 8 35
8 8 36
8 8 37
8 8 38
8 8 39
vessel5's berth allocation
1 28
1 29
1 30
1 31
1 32
1 33
1 34
1 35
1 36
1 37
1 38
1 39
1 40
1 41
1 42
1 43
1 44
1 45
1 46
1 47
==========================6===========================
vessel6's yard assignment
7 3 36
7 3 37
7 3 38
7 3 39
7 3 40
7 3 41
8 5 31
8 5 32
8 5 33
8 5 34
vessel6's berth allocation
2 31
2 32
2 33
2 34
2 35
2 36
2 37
2 38
2 39
2 40
2 41
2 42
==========================7===========================
vessel7's yard assignment
0 5 43
0 5 44
0 5 45
0 5 46
0 5 47
3 7 49
3 7 50
3 7 51
3 7 52
3 7 53
3 7 54
vessel7's berth allocation
0 43
0 44
0 45
0 46
0 47
0 48
0 49
0 50
0 51
0 52
0 53
0 54
0 55
==========================8===========================
vessel8's yard assignment
7 8 52
7 8 53
7 8 54
7 8 55
7 8 56
7 8 57
8 1 44
8 1 45
8 1 46
8 1 47
8 1 48
8 1 49
8 1 50
vessel8's berth allocation
2 44
2 45
2 46
2 47
2 48
2 49
2 50
2 51
2 52
2 53
2 54
2 55
2 56
2 57
2 58
==========================9===========================
vessel9's yard assignment
2 6 48
2 6 49
2 6 50
2 6 51
6 2 53
6 2 54
6 2 55
6 2 56
6 2 57
vessel9's berth allocation
1 48
1 49
1 50
1 51
1 52
1 53
1 54
1 55
1 56
1 57
1 58
==========================10===========================
vessel10's yard assignment
2 2 71
2 2 72
2 2 73
2 2 74
2 2 75
2 2 76
2 2 77
4 4 63
4 4 64
4 4 65
4 4 66
4 4 67
4 4 68
4 4 69
6 0 56
6 0 57
6 0 58
6 0 59
6 0 60
6 0 61
vessel10's berth allocation
0 56
0 57
0 58
0 59
0 60
0 61
0 62
0 63
0 64
0 65
0 66
0 67
0 68
0 69
0 70
0 71
0 72
0 73
0 74
0 75
0 76
0 77
0 78
==========================11===========================
vessel11's yard assignment
3 5 59
3 5 60
3 5 61
3 5 62
4 6 71
4 6 72
4 6 73
4 6 74
4 6 75
4 6 76
5 5 64
5 5 65
5 5 66
5 5 67
5 5 68
5 5 69
vessel11's berth allocation
1 59
1 60
1 61
1 62
1 63
1 64
1 65
1 66
1 67
1 68
1 69
1 70
1 71
1 72
1 73
1 74
1 75
1 76
1 77
==========================12===========================
vessel12's yard assignment
0 1 77
0 1 78
0 1 79
0 1 80
0 1 81
0 1 82
0 1 83
0 1 84
3 7 71
3 7 72
3 7 73
3 7 74
3 7 75
vessel12's berth allocation
2 71
2 72
2 73
2 74
2 75
2 76
2 77
2 78
2 79
2 80
2 81
2 82
2 83
2 84
2 85