Opt val 900500
overall runtime 2227.6477306
root LS time: 33.01185929999999
root Cplex time 1471.551031899999
root UB 905250
root LB 900050
IterNum 528
root ColumnNum 234
root Time 1507.7791904
Node Num total 3
==========================1===========================
vessel1's yard assignment
5 5 25
5 5 26
5 5 27
5 5 28
5 5 29
5 5 30
5 5 31
5 5 32
5 5 33
8 8 15
8 8 16
8 8 17
8 8 18
8 8 19
8 8 20
8 8 35
8 8 36
8 8 37
vessel1's berth allocation
2 15
2 16
2 17
2 18
2 19
2 20
2 21
2 22
2 23
2 24
2 25
2 26
2 27
2 28
2 29
2 30
2 31
2 32
2 33
2 34
2 35
2 36
2 37
2 38
==========================2===========================
vessel2's yard assignment
7 3 24
7 3 25
7 3 26
7 3 27
7 3 28
8 8 30
8 8 31
8 8 32
8 8 33
vessel2's berth allocation
0 24
0 25
0 26
0 27
0 28
0 29
0 30
0 31
0 32
0 33
0 34
==========================3===========================
vessel3's yard assignment
0 5 35
0 5 36
0 5 37
0 5 38
3 3 40
3 3 41
3 3 42
3 3 43
3 3 44
3 3 45
3 3 46
vessel3's berth allocation
0 35
0 36
0 37
0 38
0 39
0 40
0 41
0 42
0 43
0 44
0 45
0 46
0 47
==========================4===========================
vessel4's yard assignment
1 5 40
1 5 41
1 5 42
5 5 44
5 5 45
5 5 46
5 5 47
5 5 48
vessel4's berth allocation
1 40
1 41
1 42
1 43
1 44
1 45
1 46
1 47
1 48
1 49
==========================5===========================
vessel5's yard assignment
0 1 47
0 1 48
0 1 49
0 1 50
4 4 52
4 4 53
4 4 54
5 6 43
5 6 44
5 6 45
vessel5's berth allocation
2 43
2 44
2 45
2 46
2 47
2 48
2 49
2 50
2 51
2 52
2 53
2 54
2 55
==========================6===========================
vessel6's yard assignment
4 6 48
4 6 49
4 6 50
7 8 52
7 8 53
7 8 54
7 8 55
vessel6's berth allocation
0 48
0 49
0 50
0 51
0 52
0 53
0 54
0 55
0 56
==========================7===========================
vessel7's yard assignment
3 7 51
3 7 52
3 7 53
3 7 54
3 7 55
3 7 56
3 7 57
4 0 59
4 0 60
4 0 61
4 0 62
4 0 63
4 0 64
4 0 65
4 0 66
vessel7's berth allocation
1 51
1 52
1 53
1 54
1 55
1 56
1 57
1 58
1 59
1 60
1 61
1 62
1 63
1 64
1 65
1 66
1 67
==========================8===========================
vessel8's yard assignment
0 5 62
0 5 63
0 5 64
0 5 65
0 5 66
0 5 67
0 5 68
2 2 56
2 2 57
2 2 58
2 2 59
2 2 60
6 7 70
6 7 71
6 7 72
6 7 73
6 7 74
6 7 75
vessel8's berth allocation
2 56
2 57
2 58
2 59
2 60
2 61
2 62
2 63
2 64
2 65
2 66
2 67
2 68
2 69
2 70
2 71
2 72
2 73
2 74
2 75
2 76
==========================9===========================
vessel9's yard assignment
2 2 72
2 2 73
2 2 74
6 2 68
6 2 69
6 2 70
vessel9's berth allocation
1 68
1 69
1 70
1 71
1 72
1 73
1 74
1 75
==========================10===========================
vessel10's yard assignment
2 6 69
2 6 70
2 6 71
2 6 72
2 6 73
2 6 74
2 6 75
2 6 76
7 3 85
7 3 86
7 3 87
7 3 88
7 3 89
8 1 78
8 1 79
8 1 80
8 1 81
8 1 82
8 1 83
vessel10's berth allocation
0 69
0 70
0 71
0 72
0 73
0 74
0 75
0 76
0 77
0 78
0 79
0 80
0 81
0 82
0 83
0 84
0 85
0 86
0 87
0 88
0 89
0 90
==========================11===========================
vessel11's yard assignment
1 5 90
1 5 91
1 5 92
1 5 93
1 5 94
1 5 95
1 5 96
4 0 76
4 0 77
4 0 78
4 0 79
4 0 80
4 0 81
8 5 83
8 5 84
8 5 85
8 5 86
8 5 87
8 5 88
vessel11's berth allocation
1 76
1 77
1 78
1 79
1 80
1 81
1 82
1 83
1 84
1 85
1 86
1 87
1 88
1 89
1 90
1 91
1 92
1 93
1 94
1 95
1 96
1 97
==========================12===========================
vessel12's yard assignment
2 2 77
2 2 78
2 2 79
7 3 81
7 3 82
7 3 83
vessel12's berth allocation
2 77
2 78
2 79
2 80
2 81
2 82
2 83
2 84