Opt val 928230
overall runtime 355.6124258
root LS time: 15.999653100000002
root Cplex time 338.7877522999999
root UB 928230
root LB 927330
IterNum 180
root ColumnNum 112
root Time 355.4229292
Node Num total 1
==========================1===========================
vessel1's yard assignment
0 5 13
0 5 14
0 5 15
0 5 16
0 5 17
1 3 24
1 3 25
1 3 26
1 3 27
1 3 28
1 3 29
1 3 30
2 2 19
2 2 20
2 2 21
2 2 22
vessel1's berth allocation
0 13
0 14
0 15
0 16
0 17
0 18
0 19
0 20
0 21
0 22
0 23
0 24
0 25
0 26
0 27
0 28
0 29
0 30
0 31
==========================2===========================
vessel2's yard assignment
0 5 25
0 5 26
0 5 27
0 5 28
4 0 30
4 0 31
4 0 32
4 0 33
4 0 34
5 5 36
5 5 37
5 5 38
5 5 39
5 5 40
5 5 41
vessel2's berth allocation
1 25
1 26
1 27
1 28
1 29
1 30
1 31
1 32
1 33
1 34
1 35
1 36
1 37
1 38
1 39
1 40
1 41
1 42
==========================3===========================
vessel3's yard assignment
2 2 29
2 2 30
2 2 31
2 2 32
2 2 33
2 2 34
2 2 35
6 0 45
6 0 46
6 0 47
6 0 48
6 0 49
8 1 37
8 1 38
8 1 39
8 1 40
8 1 41
8 1 42
8 1 43
vessel3's berth allocation
2 29
2 30
2 31
2 32
2 33
2 34
2 35
2 36
2 37
2 38
2 39
2 40
2 41
2 42
2 43
2 44
2 45
2 46
2 47
2 48
2 49
2 50
==========================4===========================
vessel4's yard assignment
4 6 32
4 6 33
4 6 34
4 6 40
4 6 41
4 6 42
5 3 36
5 3 37
5 3 38
vessel4's berth allocation
0 32
0 33
0 34
0 35
0 36
0 37
0 38
0 39
0 40
0 41
0 42
0 43
==========================5===========================
vessel5's yard assignment
1 5 54
1 5 55
1 5 56
1 5 57
1 5 58
1 5 59
5 5 44
5 5 45
5 5 46
5 5 47
7 6 49
7 6 50
7 6 51
7 6 52
vessel5's berth allocation
0 44
0 45
0 46
0 47
0 48
0 49
0 50
0 51
0 52
0 53
0 54
0 55
0 56
0 57
0 58
0 59
0 60
==========================6===========================
vessel6's yard assignment
1 3 45
1 3 46
1 3 47
8 8 49
8 8 50
8 8 51
vessel6's berth allocation
1 45
1 46
1 47
1 48
1 49
1 50
1 51
1 52
==========================7===========================
vessel7's yard assignment
3 7 54
3 7 55
3 7 56
3 7 57
3 7 58
3 7 70
3 7 71
3 7 72
3 7 73
6 0 60
6 0 61
6 0 62
6 0 63
6 0 64
6 0 65
6 0 66
6 0 67
6 0 68
vessel7's berth allocation
2 54
2 55
2 56
2 57
2 58
2 59
2 60
2 61
2 62
2 63
2 64
2 65
2 66
2 67
2 68
2 69
2 70
2 71
2 72
2 73
2 74
==========================8===========================
vessel8's yard assignment
3 3 59
3 3 60
3 3 61
3 3 62
7 6 68
7 6 69
7 6 70
7 6 71
7 6 72
7 6 73
7 6 74
8 1 64
8 1 65
8 1 66
vessel8's berth allocation
1 59
1 60
1 61
1 62
1 63
1 64
1 65
1 66
1 67
1 68
1 69
1 70
1 71
1 72
1 73
1 74
1 75
==========================9===========================
vessel9's yard assignment
2 2 67
2 2 68
2 2 69
5 5 63
5 5 64
5 5 65
vessel9's berth allocation
0 63
0 64
0 65
0 66
0 67
0 68
0 69
0 70
==========================10===========================
vessel10's yard assignment
4 0 76
4 0 77
4 0 78
4 0 79
4 0 80
4 0 81
8 8 71
8 8 72
8 8 73
8 8 74
vessel10's berth allocation
0 71
0 72
0 73
0 74
0 75
0 76
0 77
0 78
0 79
0 80
0 81
0 82
==========================11===========================
vessel11's yard assignment
0 6 77
0 6 78
0 6 79
0 6 80
1 5 86
1 5 87
1 5 88
3 5 82
3 5 83
3 5 84
vessel11's berth allocation
2 77
2 78
2 79
2 80
2 81
2 82
2 83
2 84
2 85
2 86
2 87
2 88
2 89
==========================12===========================
vessel12's yard assignment
2 4 78
2 4 79
2 4 80
2 4 81
2 4 82
3 3 84
3 3 85
3 3 86
3 3 87
6 0 89
6 0 90
6 0 91
vessel12's berth allocation
1 78
1 79
1 80
1 81
1 82
1 83
1 84
1 85
1 86
1 87
1 88
1 89
1 90
1 91
1 92