Feas val 893200
overall runtime 7200
root LS time: 30.893393900000035
root Cplex time 1164.4276327000005
root UB 900900
root LB 884900
IterNum 636
root ColumnNum 331
root Time 1199.4715641
Node Num total 12
==========================1===========================
vessel1's yard assignment
2 2 10
2 2 11
2 2 12
2 2 13
2 2 14
4 0 6
4 0 7
4 0 8
vessel1's berth allocation
0 6
0 7
0 8
0 9
0 10
0 11
0 12
0 13
0 14
0 15
==========================2===========================
vessel2's yard assignment
1 5 12
1 5 13
1 5 14
1 5 15
1 5 16
1 5 17
2 4 19
2 4 20
2 4 21
vessel2's berth allocation
1 12
1 13
1 14
1 15
1 16
1 17
1 18
1 19
1 20
1 21
1 22
==========================3===========================
vessel3's yard assignment
0 5 27
0 5 28
0 5 29
0 5 30
0 5 31
5 6 18
5 6 19
5 6 20
5 6 21
5 6 22
5 6 33
5 6 34
5 6 35
8 1 24
8 1 25
8 1 37
8 1 38
vessel3's berth allocation
2 18
2 19
2 20
2 21
2 22
2 23
2 24
2 25
2 26
2 27
2 28
2 29
2 30
2 31
2 32
2 33
2 34
2 35
2 36
2 37
2 38
2 39
==========================4===========================
vessel4's yard assignment
2 2 25
2 2 26
2 2 27
3 3 29
3 3 30
3 3 31
3 3 32
3 3 33
4 0 20
4 0 21
4 0 22
4 0 23
vessel4's berth allocation
0 20
0 21
0 22
0 23
0 24
0 25
0 26
0 27
0 28
0 29
0 30
0 31
0 32
0 33
0 34
==========================5===========================
vessel5's yard assignment
1 1 30
1 1 31
1 1 32
5 6 25
5 6 26
5 6 27
vessel5's berth allocation
1 25
1 26
1 27
1 28
1 29
1 30
1 31
1 32
1 33
==========================6===========================
vessel6's yard assignment
0 1 40
0 1 41
0 1 42
3 5 34
3 5 35
3 5 36
3 5 37
3 5 38
7 6 45
7 6 46
7 6 47
7 6 48
7 6 49
7 6 50
7 6 51
7 6 52
vessel6's berth allocation
1 34
1 35
1 36
1 37
1 38
1 39
1 40
1 41
1 42
1 43
1 44
1 45
1 46
1 47
1 48
1 49
1 50
1 51
1 52
1 53
==========================7===========================
vessel7's yard assignment
3 3 42
3 3 43
3 3 44
3 3 45
3 3 46
3 3 47
5 6 38
5 6 39
5 6 40
vessel7's berth allocation
0 38
0 39
0 40
0 41
0 42
0 43
0 44
0 45
0 46
0 47
0 48
==========================8===========================
vessel8's yard assignment
6 0 44
6 0 45
6 0 46
6 0 47
6 0 48
6 0 49
6 0 50
6 0 62
6 0 63
8 1 52
8 1 53
8 1 54
8 1 55
8 1 56
8 1 57
8 1 58
8 1 59
8 1 60
vessel8's berth allocation
2 44
2 45
2 46
2 47
2 48
2 49
2 50
2 51
2 52
2 53
2 54
2 55
2 56
2 57
2 58
2 59
2 60
2 61
2 62
2 63
2 64
==========================9===========================
vessel9's yard assignment
0 5 50
0 5 51
0 5 52
0 5 53
0 5 54
0 5 55
4 0 57
4 0 58
4 0 59
4 0 60
vessel9's berth allocation
0 50
0 51
0 52
0 53
0 54
0 55
0 56
0 57
0 58
0 59
0 60
0 61
==========================10===========================
vessel10's yard assignment
0 6 54
0 6 55
0 6 56
2 4 63
2 4 64
2 4 65
6 2 58
6 2 59
6 2 60
6 2 61
vessel10's berth allocation
1 54
1 55
1 56
1 57
1 58
1 59
1 60
1 61
1 62
1 63
1 64
1 65
1 66
==========================11===========================
vessel11's yard assignment
1 5 70
1 5 71
1 5 72
1 5 73
7 3 62
7 3 63
7 3 64
7 3 65
7 3 66
7 3 67
7 3 68
vessel11's berth allocation
0 62
0 63
0 64
0 65
0 66
0 67
0 68
0 69
0 70
0 71
0 72
0 73
0 74
==========================12===========================
vessel12's yard assignment
2 2 72
2 2 73
2 2 74
2 2 75
4 6 66
4 6 67
4 6 68
4 6 69
4 6 70
vessel12's berth allocation
2 66
2 67
2 68
2 69
2 70
2 71
2 72
2 73
2 74
2 75
2 76