Feas val 1103300
overall runtime 7200
root LS time: 48.46116849999995
root Cplex time 7675.391200499996
root UB 1103300
root LB 2147483647
IterNum 1145
root ColumnNum 641
root Time 7733.0544045
Node Num total 1
==========================1===========================
vessel1's yard assignment
3 5 8
3 5 9
3 5 10
3 5 11
3 5 12
8 5 14
8 5 15
8 5 16
8 5 17
8 5 18
8 5 19
vessel1's berth allocation
0 8
0 9
0 10
0 11
0 12
0 13
0 14
0 15
0 16
0 17
0 18
0 19
0 20
==========================2===========================
vessel2's yard assignment
2 6 21
2 6 22
2 6 23
5 3 17
5 3 18
5 3 19
vessel2's berth allocation
1 17
1 18
1 19
1 20
1 21
1 22
1 23
1 24
==========================3===========================
vessel3's yard assignment
1 1 22
1 1 23
1 1 24
1 1 25
6 0 29
6 0 30
6 0 31
6 0 32
vessel3's berth allocation
2 22
2 23
2 24
2 25
2 26
2 27
2 28
2 29
2 30
2 31
2 32
2 33
==========================4===========================
vessel4's yard assignment
4 4 33
4 4 34
4 4 35
4 4 36
4 4 37
4 4 38
6 2 24
6 2 25
6 2 26
6 2 27
6 2 28
7 3 30
7 3 31
7 3 40
7 3 41
7 3 42
vessel4's berth allocation
0 24
0 25
0 26
0 27
0 28
0 29
0 30
0 31
0 32
0 33
0 34
0 35
0 36
0 37
0 38
0 39
0 40
0 41
0 42
0 43
==========================5===========================
vessel5's yard assignment
1 5 29
1 5 30
1 5 31
1 5 32
1 5 33
2 4 43
2 4 44
2 4 45
2 4 46
2 4 47
2 4 48
5 6 35
5 6 36
5 6 37
5 6 38
5 6 39
5 6 40
5 6 50
vessel5's berth allocation
1 29
1 30
1 31
1 32
1 33
1 34
1 35
1 36
1 37
1 38
1 39
1 40
1 41
1 42
1 43
1 44
1 45
1 46
1 47
1 48
1 49
1 50
1 51
==========================6===========================
vessel6's yard assignment
0 1 37
0 1 38
0 1 39
0 1 40
0 1 41
0 1 42
4 0 34
4 0 35
4 0 44
4 0 45
4 0 46
4 0 47
4 0 48
4 0 49
vessel6's berth allocation
2 34
2 35
2 36
2 37
2 38
2 39
2 40
2 41
2 42
2 43
2 44
2 45
2 46
2 47
2 48
2 49
2 50
==========================7===========================
vessel7's yard assignment
0 1 54
0 1 55
0 1 56
0 1 57
0 1 58
0 1 59
0 1 60
7 3 44
7 3 45
7 3 46
7 3 47
7 3 48
7 3 49
7 3 50
7 3 51
7 3 52
vessel7's berth allocation
0 44
0 45
0 46
0 47
0 48
0 49
0 50
0 51
0 52
0 53
0 54
0 55
0 56
0 57
0 58
0 59
0 60
0 61
==========================8===========================
vessel8's yard assignment
2 6 65
2 6 66
2 6 67
3 5 51
3 5 52
3 5 53
3 5 54
3 5 55
4 4 57
4 4 58
4 4 59
4 4 60
4 4 61
4 4 62
4 4 63
vessel8's berth allocation
2 51
2 52
2 53
2 54
2 55
2 56
2 57
2 58
2 59
2 60
2 61
2 62
2 63
2 64
2 65
2 66
2 67
2 68
==========================9===========================
vessel9's yard assignment
0 6 52
0 6 53
0 6 54
0 6 55
0 6 56
0 6 57
6 0 59
6 0 60
6 0 61
6 0 62
6 0 63
6 0 64
6 0 65
vessel9's berth allocation
1 52
1 53
1 54
1 55
1 56
1 57
1 58
1 59
1 60
1 61
1 62
1 63
1 64
1 65
1 66
==========================10===========================
vessel10's yard assignment
0 5 69
0 5 70
0 5 71
0 5 72
0 5 73
0 5 74
0 5 75
3 5 77
3 5 78
3 5 79
3 5 80
7 3 62
7 3 63
7 3 64
7 3 65
7 3 66
7 3 67
vessel10's berth allocation
0 62
0 63
0 64
0 65
0 66
0 67
0 68
0 69
0 70
0 71
0 72
0 73
0 74
0 75
0 76
0 77
0 78
0 79
0 80
0 81
==========================11===========================
vessel11's yard assignment
4 0 73
4 0 74
4 0 75
4 0 76
4 0 77
4 0 78
8 1 67
8 1 68
8 1 69
8 1 70
8 1 71
vessel11's berth allocation
1 67
1 68
1 69
1 70
1 71
1 72
1 73
1 74
1 75
1 76
1 77
1 78
1 79
==========================12===========================
vessel12's yard assignment
1 3 79
1 3 80
1 3 81
1 3 82
4 4 71
4 4 72
4 4 73
4 4 74
4 4 75
4 4 76
4 4 77
8 1 84
8 1 85
8 1 86
8 1 87
8 1 88
8 1 89
8 1 90
8 1 91
vessel12's berth allocation
2 71
2 72
2 73
2 74
2 75
2 76
2 77
2 78
2 79
2 80
2 81
2 82
2 83
2 84
2 85
2 86
2 87
2 88
2 89
2 90
2 91
2 92