Feas val 1083449.9999999998
overall runtime 7200
root LS time: 24.1081171
root Cplex time 2190.440878599999
root UB 1099650
root LB 1075016.6666666665
IterNum 744
root ColumnNum 375
root Time 2218.2843365
Node Num total 5
==========================1===========================
vessel1's yard assignment
2 2 14
2 2 15
2 2 16
2 2 17
2 2 18
4 6 6
4 6 7
4 6 8
4 6 9
4 6 10
4 6 11
4 6 12
7 3 20
7 3 21
7 3 22
7 3 23
vessel1's berth allocation
2 6
2 7
2 8
2 9
2 10
2 11
2 12
2 13
2 14
2 15
2 16
2 17
2 18
2 19
2 20
2 21
2 22
2 23
2 24
==========================2===========================
vessel2's yard assignment
5 5 9
5 5 10
5 5 11
5 5 12
5 5 13
5 5 14
5 5 15
5 5 16
6 0 18
6 0 19
6 0 20
6 0 21
6 0 22
6 0 23
6 0 24
vessel2's berth allocation
1 9
1 10
1 11
1 12
1 13
1 14
1 15
1 16
1 17
1 18
1 19
1 20
1 21
1 22
1 23
1 24
1 25
==========================3===========================
vessel3's yard assignment
2 4 14
2 4 15
2 4 16
2 4 17
5 6 19
5 6 20
5 6 21
5 6 22
5 6 23
vessel3's berth allocation
0 14
0 15
0 16
0 17
0 18
0 19
0 20
0 21
0 22
0 23
0 24
==========================4===========================
vessel4's yard assignment
3 5 35
3 5 36
3 5 37
3 5 38
3 5 39
6 2 25
6 2 26
6 2 27
6 2 28
6 2 29
6 2 30
7 3 32
7 3 33
7 3 41
7 3 42
vessel4's berth allocation
2 25
2 26
2 27
2 28
2 29
2 30
2 31
2 32
2 33
2 34
2 35
2 36
2 37
2 38
2 39
2 40
2 41
2 42
2 43
==========================5===========================
vessel5's yard assignment
0 5 28
0 5 29
0 5 30
0 5 31
4 0 33
4 0 34
4 0 44
4 0 45
4 0 46
4 0 47
8 1 36
8 1 37
8 1 38
8 1 39
8 1 40
8 1 41
8 1 42
vessel5's berth allocation
0 28
0 29
0 30
0 31
0 32
0 33
0 34
0 35
0 36
0 37
0 38
0 39
0 40
0 41
0 42
0 43
0 44
0 45
0 46
0 47
0 48
==========================6===========================
vessel6's yard assignment
7 6 36
7 6 37
7 6 38
7 6 39
7 6 40
7 6 45
8 1 31
8 1 32
8 1 33
8 1 34
vessel6's berth allocation
1 31
1 32
1 33
1 34
1 35
1 36
1 37
1 38
1 39
1 40
1 41
1 42
1 43
1 44
1 45
1 46
==========================7===========================
vessel7's yard assignment
0 5 51
0 5 52
0 5 53
0 5 54
0 5 55
3 3 44
3 3 45
3 3 46
3 3 47
3 3 48
3 3 49
vessel7's berth allocation
2 44
2 45
2 46
2 47
2 48
2 49
2 50
2 51
2 52
2 53
2 54
2 55
2 56
==========================8===========================
vessel8's yard assignment
7 6 47
7 6 48
7 6 49
7 6 50
7 6 51
7 6 52
8 1 54
8 1 55
8 1 56
8 1 57
8 1 58
8 1 59
8 1 60
vessel8's berth allocation
1 47
1 48
1 49
1 50
1 51
1 52
1 53
1 54
1 55
1 56
1 57
1 58
1 59
1 60
1 61
==========================9===========================
vessel9's yard assignment
2 6 55
2 6 56
2 6 57
2 6 58
6 2 49
6 2 50
6 2 51
6 2 52
6 2 53
vessel9's berth allocation
0 49
0 50
0 51
0 52
0 53
0 54
0 55
0 56
0 57
0 58
0 59
==========================10===========================
vessel10's yard assignment
2 6 65
2 6 66
2 6 67
2 6 68
2 6 69
2 6 70
2 6 71
4 0 57
4 0 58
4 0 59
4 0 60
4 0 61
4 0 62
4 0 63
6 0 73
6 0 74
6 0 75
6 0 76
6 0 77
6 0 78
vessel10's berth allocation
2 57
2 58
2 59
2 60
2 61
2 62
2 63
2 64
2 65
2 66
2 67
2 68
2 69
2 70
2 71
2 72
2 73
2 74
2 75
2 76
2 77
2 78
2 79
==========================11===========================
vessel11's yard assignment
3 3 60
3 3 61
3 3 62
3 3 63
4 4 72
4 4 73
4 4 74
4 4 75
4 4 76
4 4 77
5 3 65
5 3 66
5 3 67
5 3 68
5 3 69
5 3 70
vessel11's berth allocation
0 60
0 61
0 62
0 63
0 64
0 65
0 66
0 67
0 68
0 69
0 70
0 71
0 72
0 73
0 74
0 75
0 76
0 77
0 78
==========================12===========================
vessel12's yard assignment
0 5 77
0 5 78
0 5 79
0 5 80
0 5 81
0 5 82
0 5 83
0 5 84
3 5 71
3 5 72
3 5 73
3 5 74
3 5 75
vessel12's berth allocation
1 71
1 72
1 73
1 74
1 75
1 76
1 77
1 78
1 79
1 80
1 81
1 82
1 83
1 84
1 85