Opt val 899000.0000000001
overall runtime 1039.4797607
root LS time: 8.0424522
root Cplex time 444.8262683999999
root UB 899000
root LB 898050
IterNum 384
root ColumnNum 231
root Time 454.0835995
Node Num total 4
==========================1===========================
vessel1's yard assignment
5 5 15
5 5 27
5 5 28
5 5 29
5 5 30
5 5 31
5 5 32
5 5 33
5 5 34
8 1 17
8 1 18
8 1 19
8 1 20
8 1 21
8 1 22
8 1 23
8 1 24
8 1 25
vessel1's berth allocation
0 15
0 16
0 17
0 18
0 19
0 20
0 21
0 22
0 23
0 24
0 25
0 26
0 27
0 28
0 29
0 30
0 31
0 32
0 33
0 34
0 35
==========================2===========================
vessel2's yard assignment
7 6 24
7 6 25
7 6 26
7 6 27
7 6 35
8 1 30
8 1 31
8 1 32
8 1 33
vessel2's berth allocation
2 24
2 25
2 26
2 27
2 28
2 29
2 30
2 31
2 32
2 33
2 34
2 35
2 36
==========================3===========================
vessel3's yard assignment
0 1 35
0 1 36
0 1 37
0 1 38
3 3 40
3 3 41
3 3 42
3 3 43
3 3 44
3 3 45
3 3 46
vessel3's berth allocation
1 35
1 36
1 37
1 38
1 39
1 40
1 41
1 42
1 43
1 44
1 45
1 46
1 47
==========================4===========================
vessel4's yard assignment
1 1 40
1 1 41
1 1 42
5 6 45
5 6 46
5 6 47
5 6 48
5 6 49
vessel4's berth allocation
2 40
2 41
2 42
2 43
2 44
2 45
2 46
2 47
2 48
2 49
2 50
==========================5===========================
vessel5's yard assignment
0 1 51
0 1 52
0 1 53
0 1 54
4 4 43
4 4 44
4 4 45
5 5 47
5 5 48
5 5 49
vessel5's berth allocation
0 43
0 44
0 45
0 46
0 47
0 48
0 49
0 50
0 51
0 52
0 53
0 54
0 55
==========================6===========================
vessel6's yard assignment
4 0 48
4 0 49
4 0 50
7 6 52
7 6 53
7 6 54
7 6 55
vessel6's berth allocation
1 48
1 49
1 50
1 51
1 52
1 53
1 54
1 55
1 56
==========================7===========================
vessel7's yard assignment
3 5 51
3 5 52
3 5 53
3 5 54
3 5 55
3 5 56
3 5 57
4 4 59
4 4 60
4 4 61
4 4 62
4 4 63
4 4 64
4 4 65
4 4 66
vessel7's berth allocation
2 51
2 52
2 53
2 54
2 55
2 56
2 57
2 58
2 59
2 60
2 61
2 62
2 63
2 64
2 65
2 66
2 67
==========================8===========================
vessel8's yard assignment
0 5 69
0 5 70
0 5 71
0 5 72
0 5 73
0 5 74
0 5 75
2 2 56
2 2 57
2 2 58
2 2 59
2 2 60
6 0 62
6 0 63
6 0 64
6 0 65
6 0 66
6 0 67
vessel8's berth allocation
0 56
0 57
0 58
0 59
0 60
0 61
0 62
0 63
0 64
0 65
0 66
0 67
0 68
0 69
0 70
0 71
0 72
0 73
0 74
0 75
0 76
==========================9===========================
vessel9's yard assignment
2 6 68
2 6 69
2 6 70
6 2 72
6 2 73
6 2 74
vessel9's berth allocation
1 68
1 69
1 70
1 71
1 72
1 73
1 74
1 75
==========================10===========================
vessel10's yard assignment
2 4 70
2 4 71
2 4 72
2 4 73
2 4 74
2 4 75
2 4 76
2 4 77
7 3 86
7 3 87
7 3 88
7 3 89
7 3 90
8 5 79
8 5 80
8 5 81
8 5 82
8 5 83
8 5 84
vessel10's berth allocation
2 70
2 71
2 72
2 73
2 74
2 75
2 76
2 77
2 78
2 79
2 80
2 81
2 82
2 83
2 84
2 85
2 86
2 87
2 88
2 89
2 90
2 91
==========================11===========================
vessel11's yard assignment
1 3 76
1 3 77
1 3 78
1 3 79
1 3 80
1 3 81
1 3 82
4 0 84
4 0 85
4 0 86
4 0 87
4 0 88
4 0 89
8 5 91
8 5 92
8 5 93
8 5 94
8 5 95
8 5 96
vessel11's berth allocation
1 76
1 77
1 78
1 79
1 80
1 81
1 82
1 83
1 84
1 85
1 86
1 87
1 88
1 89
1 90
1 91
1 92
1 93
1 94
1 95
1 96
1 97
==========================12===========================
vessel12's yard assignment
2 2 77
2 2 78
2 2 79
7 6 81
7 6 82
7 6 83
vessel12's berth allocation
0 77
0 78
0 79
0 80
0 81
0 82
0 83
0 84