Opt val 963770
overall runtime 278.2039929
root LS time: 9.471351199999992
root Cplex time 266.86329749999976
root UB 963770
root LB 963770
IterNum 288
root ColumnNum 191
root Time 277.2070666
Node Num total 1
==========================1===========================
vessel1's yard assignment
0 5 13
0 5 14
0 5 15
0 5 16
0 5 17
1 1 19
1 1 20
1 1 21
1 1 22
1 1 23
1 1 24
1 1 25
2 2 27
2 2 28
2 2 29
2 2 30
vessel1's berth allocation
0 13
0 14
0 15
0 16
0 17
0 18
0 19
0 20
0 21
0 22
0 23
0 24
0 25
0 26
0 27
0 28
0 29
0 30
0 31
==========================2===========================
vessel2's yard assignment
0 1 39
0 1 40
0 1 41
0 1 42
4 6 25
4 6 26
4 6 27
4 6 36
4 6 37
5 3 29
5 3 30
5 3 31
5 3 32
5 3 33
5 3 34
vessel2's berth allocation
1 25
1 26
1 27
1 28
1 29
1 30
1 31
1 32
1 33
1 34
1 35
1 36
1 37
1 38
1 39
1 40
1 41
1 42
1 43
==========================3===========================
vessel3's yard assignment
2 4 43
2 4 44
2 4 45
2 4 46
2 4 47
2 4 48
2 4 49
6 2 37
6 2 38
6 2 39
6 2 40
6 2 51
8 5 29
8 5 30
8 5 31
8 5 32
8 5 33
8 5 34
8 5 35
vessel3's berth allocation
2 29
2 30
2 31
2 32
2 33
2 34
2 35
2 36
2 37
2 38
2 39
2 40
2 41
2 42
2 43
2 44
2 45
2 46
2 47
2 48
2 49
2 50
2 51
2 52
==========================4===========================
vessel4's yard assignment
4 0 32
4 0 33
4 0 34
4 0 35
4 0 36
4 0 37
5 3 40
5 3 41
5 3 42
vessel4's berth allocation
0 32
0 33
0 34
0 35
0 36
0 37
0 38
0 39
0 40
0 41
0 42
0 43
==========================5===========================
vessel5's yard assignment
1 1 55
1 1 56
1 1 57
1 1 58
1 1 59
1 1 60
5 3 50
5 3 51
5 3 52
5 3 53
7 6 45
7 6 46
7 6 47
7 6 48
vessel5's berth allocation
1 45
1 46
1 47
1 48
1 49
1 50
1 51
1 52
1 53
1 54
1 55
1 56
1 57
1 58
1 59
1 60
1 61
==========================6===========================
vessel6's yard assignment
1 3 45
1 3 46
1 3 47
8 5 49
8 5 50
8 5 51
vessel6's berth allocation
0 45
0 46
0 47
0 48
0 49
0 50
0 51
0 52
==========================7===========================
vessel7's yard assignment
3 5 54
3 5 55
3 5 56
3 5 57
3 5 58
3 5 59
3 5 69
3 5 70
3 5 71
6 0 61
6 0 62
6 0 63
6 0 64
6 0 65
6 0 66
6 0 67
6 0 73
6 0 74
vessel7's berth allocation
2 54
2 55
2 56
2 57
2 58
2 59
2 60
2 61
2 62
2 63
2 64
2 65
2 66
2 67
2 68
2 69
2 70
2 71
2 72
2 73
2 74
2 75
==========================8===========================
vessel8's yard assignment
3 3 60
3 3 61
3 3 62
3 3 63
7 3 65
7 3 66
7 3 67
7 3 68
7 3 69
7 3 70
7 3 71
8 5 73
8 5 74
8 5 75
vessel8's berth allocation
0 60
0 61
0 62
0 63
0 64
0 65
0 66
0 67
0 68
0 69
0 70
0 71
0 72
0 73
0 74
0 75
0 76
==========================9===========================
vessel9's yard assignment
2 4 63
2 4 64
2 4 65
5 6 67
5 6 68
5 6 69
vessel9's berth allocation
1 63
1 64
1 65
1 66
1 67
1 68
1 69
1 70
==========================10===========================
vessel10's yard assignment
4 4 71
4 4 72
4 4 73
4 4 74
4 4 75
4 4 76
8 1 78
8 1 79
8 1 80
8 1 81
vessel10's berth allocation
1 71
1 72
1 73
1 74
1 75
1 76
1 77
1 78
1 79
1 80
1 81
1 82
==========================11===========================
vessel11's yard assignment
0 5 81
0 5 82
0 5 83
0 5 84
1 5 77
1 5 78
1 5 79
3 3 86
3 3 87
3 3 88
vessel11's berth allocation
0 77
0 78
0 79
0 80
0 81
0 82
0 83
0 84
0 85
0 86
0 87
0 88
0 89
==========================12===========================
vessel12's yard assignment
2 6 83
2 6 84
2 6 85
2 6 86
2 6 87
3 3 78
3 3 79
3 3 80
3 3 81
6 0 89
6 0 90
6 0 91
vessel12's berth allocation
2 78
2 79
2 80
2 81
2 82
2 83
2 84
2 85
2 86
2 87
2 88
2 89
2 90
2 91
2 92